     0/399     6.14G    0.0196   0.01584   0.04484   0.08029        32      1024    0.2819    0.8858    0.5115    0.4438   0.01255   0.02055   0.04224
     1/399     7.78G   0.01647   0.01412   0.04512   0.07571        46      1024    0.2717    0.9056    0.5259    0.4626   0.01092   0.01949   0.04213
     2/399     7.78G   0.01558   0.01311   0.04517   0.07387        26      1024    0.2649    0.9175    0.5239    0.4608   0.01057   0.01876     0.042
     3/399     7.78G   0.01467   0.01395   0.04621   0.07483        39      1024    0.2544    0.9175    0.5259    0.4638   0.01028   0.01824   0.04186
     4/399     7.78G   0.01401   0.01231   0.04593   0.07225        23      1024    0.2469    0.9056    0.5245    0.4643   0.01039   0.01803   0.04174
     5/399     7.78G   0.01445   0.01485   0.04439   0.07368        42      1024    0.2445    0.9056    0.5242    0.4662    0.0102   0.01777   0.04172
     6/399     7.78G   0.01452   0.01262    0.0453   0.07244        36      1024    0.2481    0.9379    0.5339    0.4751   0.01017   0.01812   0.04163
     7/399     7.78G   0.01335   0.01319   0.04245   0.06899        38      1024    0.2442    0.9158    0.5335     0.479   0.01047   0.01806   0.04141
     8/399     7.78G   0.01453   0.01374   0.04432   0.07259        37      1024    0.2453    0.9309    0.5409    0.4836   0.01027   0.01797   0.04138
     9/399     7.78G   0.01442   0.01253   0.04302   0.06997        46      1024    0.2472    0.9362    0.5347    0.4796   0.01019   0.01762   0.04129
    10/399     7.78G   0.01428   0.01355   0.04418   0.07202        47      1024     0.245    0.9499    0.5293    0.4718  0.009896   0.01769    0.0412
    11/399     7.78G   0.01348   0.01174   0.04389   0.06911        32      1024    0.2436    0.9481    0.5257    0.4628   0.01033   0.01772   0.04111
    12/399     7.78G   0.01448   0.01228   0.04339   0.07014        32      1024    0.2429    0.9464     0.539    0.4787   0.01044   0.01777   0.04091
    13/399     7.78G   0.01548   0.01431   0.04377   0.07356        33      1024    0.2454    0.9583    0.5261    0.4611   0.01091   0.01831   0.04077
    14/399     7.78G   0.01588    0.0136   0.04401   0.07349        41      1024    0.2438    0.9583    0.5401    0.4742   0.01121   0.01824   0.04077
    15/399     7.78G   0.01544   0.01242   0.04401   0.07186        32      1024    0.2454    0.9583    0.5364    0.4739   0.01081   0.01878   0.04072
    16/399     7.78G   0.01516   0.01279   0.04315    0.0711        29      1024    0.2459    0.9481    0.5348    0.4835   0.01029   0.01791   0.04084
    17/399     7.78G   0.01536   0.01299   0.04205   0.07039        35      1024     0.247    0.9702    0.5159    0.4419   0.01102   0.01814   0.04101
    18/399     7.78G   0.01708   0.01478   0.04208   0.07394        50      1024    0.2481      0.96    0.5516    0.4883   0.01019   0.01796   0.04131
    19/399     7.78G   0.01744   0.01396   0.04369   0.07509        24      1024    0.2506    0.9481    0.5442    0.4701   0.01114   0.01927   0.04134
    20/399     7.78G   0.01749   0.01284   0.04235   0.07268        35      1024    0.2526      0.96     0.541    0.4434   0.01272   0.01968   0.04109
    21/399     7.78G   0.02675   0.01581   0.04226   0.08482        29      1024    0.2029    0.9379    0.5432    0.3799   0.02264   0.02347   0.04121
    22/399     7.78G   0.02667   0.01402    0.0416   0.08228        32      1024    0.2238    0.9583    0.5504    0.3758   0.02165   0.02287   0.04075
    23/399     7.78G   0.02522   0.01303   0.04366   0.08191        26      1024    0.2113    0.9464    0.5473     0.364   0.01935   0.02202   0.04108
    24/399     7.78G   0.02753   0.01398   0.04358   0.08509        29      1024    0.2252    0.9549      0.56    0.3868   0.02181   0.02392   0.04043
    25/399     7.78G   0.02635   0.01503   0.04259   0.08397        38      1024    0.2587    0.9583    0.5513     0.419   0.02004   0.02293   0.04048
    26/399     7.78G   0.02767   0.01506   0.04152   0.08425        26      1024    0.2559    0.9481    0.5589    0.4056   0.01642   0.02165   0.04031
    27/399     7.78G   0.02731    0.0145   0.04053   0.08234        35      1024    0.2472    0.9464     0.538    0.3716   0.01587   0.02129   0.03975
    28/399     7.78G   0.02625   0.01518   0.04254   0.08396        32      1024    0.2306    0.9464    0.5549    0.4417   0.01869   0.02234   0.04024
    29/399     7.78G   0.02666   0.01578   0.04272   0.08515        33      1024    0.2635    0.9379    0.5712    0.4136   0.01781   0.02166   0.04064
    30/399     7.78G   0.02618   0.01437   0.04023   0.08078        36      1024    0.2531    0.9362    0.5674    0.4606   0.01694   0.02109   0.03985
    31/399     7.78G   0.02786   0.01642   0.04107   0.08535        30      1024    0.1917     0.926    0.5541    0.3928   0.02315   0.02294   0.03929
    32/399     7.78G   0.02932   0.01603   0.04174   0.08709        40      1024     0.196    0.9464    0.5555    0.3793   0.02074   0.02228   0.03961
    33/399     7.78G   0.02849   0.01706   0.04126   0.08681        41      1024    0.2324    0.9702    0.5798    0.4125    0.0206   0.02279   0.03884
    34/399     7.78G   0.02953   0.01478   0.04133   0.08565        32      1024    0.2626     0.927    0.5472    0.3959   0.01939   0.02282   0.03942
    35/399     7.78G   0.02807   0.01726   0.04054   0.08586        53      1024    0.2212    0.9567    0.5568     0.378   0.02215   0.02302   0.03881
    36/399     7.78G   0.02877    0.0154   0.04112   0.08529        28      1024     0.277    0.9541    0.5585    0.3893   0.01798   0.02226   0.03839
    37/399     7.78G   0.02935   0.01507      0.04   0.08442        30      1024    0.2507    0.9583     0.572    0.3513   0.02312   0.02335   0.03804
    38/399     7.78G   0.03011   0.01508   0.04028   0.08547        22      1024    0.2245    0.9583    0.5694    0.3958   0.02182   0.02297   0.03857
    39/399     7.78G   0.03043   0.01573   0.03975   0.08591        30      1024    0.2717     0.949    0.5972     0.466   0.01818    0.0225    0.0395
    40/399     7.78G   0.02922   0.01604   0.03973   0.08499        38      1024     0.235    0.9583    0.5474     0.344   0.02102   0.02267   0.03887
    41/399     7.78G   0.03067   0.01513   0.03949   0.08529        39      1024    0.1651    0.9621     0.534    0.3172   0.02271   0.02338   0.03713
    42/399     7.78G   0.02701   0.01628   0.03908   0.08238        23      1024     0.227      0.96    0.5976    0.3767   0.01867   0.02183   0.03558
    43/399     7.78G   0.02945   0.01525   0.03849   0.08319        24      1024    0.2628    0.9175    0.6038     0.421   0.01803   0.02267   0.03641
    44/399     7.78G   0.03008   0.01506   0.03916    0.0843        18      1024    0.2728    0.9643    0.6262    0.4316   0.01857   0.02269   0.03566
    45/399     7.78G   0.02909   0.01722    0.0384   0.08472        45      1024    0.2141    0.9464    0.6008    0.3837   0.02184   0.02391   0.03592
    46/399     7.78G   0.03029   0.01588   0.03833   0.08449        32      1024     0.227    0.9821    0.5738     0.359   0.02217   0.02328   0.03698
    47/399     7.78G   0.03049   0.01498   0.03754   0.08302        29      1024    0.2337    0.9821    0.5915    0.3875   0.02208   0.02281   0.03853
    48/399     7.78G   0.03555   0.01658   0.03904   0.09117        35      1024    0.2497      0.94    0.5649    0.3663   0.02092   0.02242   0.03847
    49/399     7.78G   0.03026   0.01545   0.03776   0.08346        29      1024    0.2464    0.9702    0.6555    0.4339   0.02217   0.02366   0.03817
    50/399     7.78G   0.03048   0.01462   0.03858   0.08367        22      1024    0.2646     0.956      0.65    0.4222    0.0225   0.02362   0.03828
    51/399     7.78G   0.03184   0.01561    0.0372   0.08465        30      1024    0.2672    0.9583    0.6373    0.4826   0.02013   0.02289   0.03696
    52/399     7.78G   0.03077   0.01574   0.03728   0.08378        33      1024    0.1828    0.9726    0.6124    0.3931   0.02544    0.0234   0.04014
    53/399     7.78G   0.03024   0.01677   0.03682   0.08383        39      1024    0.2846    0.9821    0.6773     0.486   0.01874   0.02219   0.03741
    54/399     7.78G   0.03509    0.0166   0.03767   0.08936        32      1024    0.2606    0.9702    0.7043    0.4586   0.02421   0.02392   0.03494
    55/399     7.78G   0.03042    0.0155   0.03871   0.08463        32      1024     0.217    0.9583    0.6347    0.4288   0.02121   0.02303   0.03457
    56/399     7.78G   0.02936   0.01414   0.03597   0.07948        33      1024    0.2097    0.9583    0.6409    0.3491   0.02574   0.02386   0.03549
    57/399     7.78G   0.03272   0.01601   0.03679   0.08551        33      1024    0.2975    0.9702    0.7251      0.55    0.0161   0.02251   0.03388
    58/399     7.78G   0.03345   0.01618   0.03662   0.08625        31      1024    0.2408    0.9876    0.7001    0.4935   0.02244   0.02329   0.03396
    59/399     7.78G   0.03097   0.01539   0.03621   0.08257        28      1024    0.2179    0.9702    0.7251    0.4894   0.02339   0.02373   0.03543
    60/399     7.78G    0.0325   0.01623   0.03701   0.08574        30      1024    0.2897    0.9702    0.6712    0.4382   0.02145   0.02268   0.03373
    61/399     7.78G   0.03316   0.01775   0.03554   0.08645        42      1024     0.282    0.9821    0.7038    0.5289   0.01808   0.02207   0.03303
    62/399     7.78G   0.02968   0.01434   0.03594   0.07997        29      1024     0.254    0.9702    0.6744    0.5016   0.02259   0.02404   0.03299
    63/399     7.78G   0.03655   0.01745   0.03585   0.08986        42      1024    0.1666    0.9702    0.6279    0.2653   0.03035   0.02616   0.03372
    64/399     7.78G   0.04334   0.01907   0.03528   0.09769        48      1024    0.3088    0.9821    0.6725    0.4576   0.01932   0.02273   0.03386
    65/399     7.78G   0.03498   0.01661   0.03639   0.08798        33      1024    0.1584    0.9821    0.6133    0.3436   0.02999    0.0247   0.03336
    66/399     7.78G    0.0368   0.01634   0.03452   0.08765        35      1024    0.2203    0.9702    0.6753    0.4164   0.02558   0.02456   0.03183
    67/399     7.78G   0.03523   0.01729   0.03505   0.08757        31      1024    0.2603    0.9702    0.7206    0.5035   0.02044    0.0228   0.03155
    68/399     7.78G   0.03909   0.01656    0.0355   0.09114        32      1024    0.2186    0.9702    0.6711    0.3946   0.02537   0.02323   0.03085
    69/399     7.78G    0.0387   0.01603   0.03562   0.09034        22      1024    0.2833    0.9821    0.6373    0.4343   0.02113   0.02302   0.03285
    70/399     7.78G   0.03679   0.01691   0.03437   0.08807        38      1024    0.1696    0.9583    0.6209    0.4231   0.02729   0.02489   0.03349
    71/399     7.78G   0.03538   0.01737   0.03692   0.08967        34      1024    0.2727    0.9583    0.6446    0.4933   0.02345    0.0241    0.0348
    72/399     7.78G   0.03078   0.01828   0.03679   0.08585        23      1024    0.2686    0.9702    0.5839    0.3587   0.02551   0.02677   0.03407
    73/399     7.78G   0.03909   0.01858   0.03429   0.09197        29      1024      0.27    0.9821    0.6775      0.53   0.02023   0.02405   0.03204
    74/399     7.78G   0.03749   0.01842   0.03374   0.08965        28      1024    0.2146    0.9702    0.6625    0.4337   0.02341   0.02479   0.03231
    75/399     7.78G    0.0345   0.01563   0.03217    0.0823        21      1024    0.2185    0.9702    0.7107    0.5131   0.02114   0.02315   0.03101
    76/399     7.78G   0.03782   0.01804   0.03334   0.08919        33      1024    0.2538    0.9702    0.6744    0.4775   0.02113   0.02305   0.03201
    77/399     7.78G   0.03872   0.01653   0.03272   0.08797        24      1024    0.1744    0.9702    0.7011    0.4984   0.02522   0.02481   0.03158
    78/399     7.78G   0.03912   0.01637   0.03346   0.08895        24      1024    0.2199    0.9702    0.6472    0.4056   0.02413    0.0244   0.03048
    79/399     7.78G   0.03709   0.01642   0.03222   0.08573        28      1024    0.2776    0.9702    0.7378    0.3704   0.02743   0.02464   0.03023
    80/399     7.78G   0.04015   0.01656    0.0334   0.09011        23      1024    0.2494    0.9702    0.7087    0.5361   0.02357   0.02402   0.02897
    81/399     7.78G   0.03235   0.01515   0.03203   0.07953        19      1024     0.229    0.9821     0.616    0.4548   0.02284   0.02324   0.03153
    82/399     7.78G   0.03502   0.01634   0.03156   0.08292        26      1024    0.2756    0.9821    0.7353    0.5308   0.02081   0.02262   0.02982
    83/399     7.78G   0.03717   0.01705   0.03168    0.0859        29      1024    0.2655    0.9702    0.7182    0.4792   0.02663    0.0236   0.02882
    84/399     7.78G   0.04035   0.01534   0.03198   0.08767        38      1024    0.2433    0.9702    0.7105    0.4244   0.02615   0.02332   0.02998
    85/399     7.78G    0.0359   0.01704    0.0307   0.08364        35      1024    0.2134    0.9702     0.666    0.3956   0.02452   0.02496   0.02777
    86/399     7.78G   0.03831   0.01742   0.03207    0.0878        28      1024    0.2915    0.9702    0.6627    0.4733   0.01954   0.02367   0.03122
    87/399     7.78G   0.03032   0.01533   0.03124   0.07688        27      1024     0.231    0.9702    0.7305    0.5408   0.02233   0.02417   0.02909
    88/399     7.78G   0.03506    0.0143   0.03177   0.08113        24      1024    0.2833     0.966    0.6931     0.522   0.02171    0.0235   0.02914
    89/399     7.78G   0.03539    0.0162   0.02982   0.08141        38      1024    0.3059    0.9702     0.748    0.5111   0.02007   0.02319   0.02767
    90/399     7.78G   0.03333   0.01572   0.03047   0.07953        28      1024    0.2667    0.9702     0.757    0.5047   0.02393   0.02419   0.02735
    91/399     7.78G    0.0344   0.01822   0.03081   0.08343        53      1024    0.3121    0.9821    0.7324    0.4964   0.02228   0.02302   0.02711
    92/399     7.78G   0.03269   0.01573   0.03178    0.0802        29      1024    0.2896    0.9702    0.6693    0.3994   0.02307   0.02379   0.02997
    93/399     7.78G   0.03413   0.01717   0.02858   0.07988        35      1024    0.3125    0.9702    0.7344    0.5379   0.02169   0.02325   0.02667
    94/399     7.78G   0.02979   0.01526   0.02756   0.07262        30      1024    0.3189    0.9821    0.7484      0.55   0.01887   0.02229   0.02664
    95/399     7.78G    0.0373   0.01572   0.02809    0.0811        34      1024    0.2653    0.9719    0.6265    0.3964   0.02524   0.02392   0.03034
    96/399     7.78G   0.03671   0.01727   0.02859   0.08258        43      1024    0.3485    0.9821    0.8023    0.6058   0.02066   0.02257   0.02549
    97/399     7.78G    0.0318   0.01535     0.028   0.07514        22      1024    0.3629    0.9702    0.7718    0.6287   0.01838    0.0218   0.02672
    98/399     7.78G   0.03315   0.01802   0.02819   0.07936        34      1024    0.3137    0.9702    0.7545    0.4849   0.02442   0.02427   0.03018
    99/399     7.78G   0.03641    0.0195   0.02721   0.08313        37      1024    0.3669    0.9702    0.8019    0.6114   0.01752   0.02313    0.0255
   100/399     7.78G   0.03055   0.01671   0.02565   0.07291        36      1024    0.3564    0.9702    0.7991     0.595   0.01926   0.02267   0.02531
   101/399     7.78G   0.03542   0.01735   0.02622   0.07899        35      1024    0.2965    0.9821    0.7772    0.5527   0.02342   0.02464   0.02469
   102/399     7.78G   0.03814   0.01824   0.02755   0.08394        38      1024    0.3606    0.9779    0.7219    0.4555   0.02227   0.02449   0.02543
   103/399     7.78G   0.03184   0.01408   0.02769   0.07362        18      1024    0.3475    0.9702    0.7777    0.4918   0.02112   0.02372   0.02756
   104/399     7.78G   0.04614   0.01772   0.02734   0.09119        27      1024    0.1615    0.9702     0.596    0.2238    0.0401    0.0296   0.02793
   105/399     7.78G   0.05702   0.02111   0.02731    0.1054        29      1024    0.2003    0.9201    0.6165    0.3655   0.03835   0.02748    0.0296
   106/399     7.78G   0.04653    0.0232   0.02831   0.09805        32      1024    0.2481      0.96    0.6926    0.4689   0.02874   0.02872   0.02544
   107/399     7.78G   0.03947   0.01963   0.02986   0.08896        34      1024    0.2946     0.965     0.722    0.5242   0.02409   0.02502   0.02715
   108/399     7.78G   0.03718   0.01758   0.03015   0.08492        28      1024    0.2365    0.9541    0.6007    0.3583   0.02536   0.02696   0.03084
   109/399     7.78G   0.03596   0.01952   0.03203   0.08751        31      1024    0.2502    0.8878    0.6463    0.4282   0.02403   0.02462   0.03544
   110/399     7.78G   0.03555   0.02086   0.03461   0.09102        27      1024    0.2982    0.9585    0.6943    0.4667   0.02166   0.02608   0.02888
   111/399     7.78G   0.03704   0.02018   0.03338    0.0906        32      1024    0.2442    0.9838    0.6532    0.4723   0.02657   0.02582   0.02991
   112/399     7.78G   0.03424   0.01864   0.03449   0.08737        29      1024    0.2444    0.9048    0.5923    0.4271   0.02432   0.02441   0.03484
   113/399     7.78G   0.03472   0.01851   0.03681   0.09004        24      1024    0.2397    0.9405    0.6435    0.4537   0.02404   0.02553   0.02891
   114/399     7.78G   0.03485   0.01949   0.03559   0.08994        42      1024    0.2771    0.9345     0.624    0.4173    0.0252   0.02435   0.03148
   115/399     7.78G   0.03778   0.01754   0.03365   0.08897        19      1024    0.2543    0.9464     0.724    0.4773   0.02554    0.0246   0.03197
   116/399     7.78G   0.03714   0.01821   0.03257   0.08793        36      1024    0.2884     0.994    0.6958    0.4816   0.02484   0.02517   0.02809
   117/399     7.78G   0.03951   0.01834   0.03156   0.08942        31      1024     0.241     0.994    0.7027    0.4572   0.02508    0.0254   0.02827
   118/399     7.78G   0.03528   0.01899   0.03107   0.08534        19      1024     0.298    0.9821    0.6822    0.4924   0.02052   0.02717   0.02905
   119/399     7.78G    0.0336   0.02035   0.02923   0.08318        26      1024    0.3055    0.9821    0.7404     0.526   0.02204   0.02583   0.02811
   120/399     7.78G    0.0307   0.01958   0.02998   0.08025        29      1024    0.3106    0.9821    0.7771    0.5169   0.02089    0.0256    0.0277
   121/399     7.78G    0.0339   0.02133    0.0288   0.08404        40      1024    0.3048    0.9821     0.775    0.5728   0.02081   0.02637   0.02757
   122/399     7.78G   0.03434   0.01729   0.02803   0.07966        28      1024    0.2664    0.9702    0.7392    0.4361   0.02435   0.02533   0.02856
   123/399     7.78G    0.0366   0.01929   0.02735   0.08325        30      1024    0.3186    0.9821    0.7742     0.542   0.02045   0.02525   0.02578
   124/399     7.78G   0.03544   0.01815   0.02833   0.08192        30      1024    0.2732    0.9702    0.8118    0.5158   0.02231   0.02468   0.02494
   125/399     7.78G   0.03734   0.02002   0.02609   0.08345        38      1024    0.2862    0.9883    0.8363    0.5887   0.02106   0.02441   0.02472
   126/399     7.78G   0.03476   0.01953   0.02717   0.08146        32      1024    0.3192    0.9821    0.8515    0.6541   0.02062   0.02434   0.02419
   127/399     7.78G   0.03449   0.01673   0.02984   0.08106        18      1024    0.3149    0.9643    0.8194    0.5583   0.02062   0.02418   0.02513
   128/399     7.78G   0.03216    0.0157   0.03046   0.07832        30      1024    0.3211    0.9524    0.8427    0.5449   0.02145   0.02444   0.02542
   129/399     7.78G   0.03298   0.01873   0.02765   0.07937        44      1024    0.3201    0.9821    0.8485    0.5747   0.02097   0.02413   0.02383
   130/399     7.78G   0.03419   0.01613   0.02916   0.07948        27      1024    0.3351    0.9821    0.7933    0.5142   0.02204    0.0244   0.02446
   131/399     7.78G   0.03628   0.01596   0.02701   0.07925        28      1024    0.2969    0.9821    0.8257    0.5569   0.02359   0.02559   0.02347
   132/399     7.78G   0.03534   0.01677   0.02536   0.07747        31      1024    0.3253    0.9719    0.8319    0.5788   0.02258   0.02574   0.02317
   133/399     7.78G   0.03375   0.01774   0.02703   0.07852        29      1024    0.3607    0.9719    0.7999    0.5389   0.02068    0.0261   0.02366
   134/399     7.78G   0.03351   0.01644   0.02426   0.07421        32      1024    0.3712    0.9821    0.8539    0.5813   0.02359   0.02557   0.02242
   135/399     7.78G   0.03424   0.01606   0.02452   0.07482        22      1024    0.3368    0.9821    0.8144    0.6154   0.02185   0.02442   0.02437
   136/399     7.78G    0.0343   0.01631   0.02512   0.07573        23      1024    0.3329    0.9702    0.8309    0.5613   0.02237   0.02494   0.02326
   137/399     7.78G   0.03445    0.0168   0.02416   0.07542        40      1024    0.3232    0.9821    0.8179    0.5981   0.02172   0.02422   0.02291
   138/399     7.78G   0.03329   0.01786   0.02356   0.07471        40      1024    0.3935    0.9821    0.8558    0.5841   0.01945   0.02352   0.02233
   139/399     7.78G   0.03156   0.01562   0.02447   0.07165        24      1024    0.3794    0.9821    0.8359    0.5844   0.01981   0.02412   0.02281
   140/399     7.78G   0.03201   0.01841   0.02319   0.07361        48      1024    0.3429    0.9702    0.7823    0.5263   0.02122   0.02374   0.02362
   141/399     7.78G   0.02968   0.01528   0.02286   0.06782        35      1024    0.3381    0.9702    0.7942    0.5347   0.02016    0.0242    0.0228
   142/399     7.78G   0.03132   0.01597   0.02442   0.07172        21      1024    0.3836    0.9702    0.8231    0.6022   0.01975   0.02364   0.02227
   143/399     7.78G   0.03556   0.01601   0.02295   0.07452        28      1024    0.3964    0.9702    0.8265    0.6105   0.02065    0.0237    0.0226
   144/399     7.78G   0.03544   0.01691   0.02137   0.07372        53      1024    0.4345    0.9702    0.8517    0.6164   0.01664   0.02397   0.02205
   145/399     7.78G   0.03268   0.01537   0.02041   0.06846        27      1024    0.4062    0.9765     0.856    0.7182   0.01708   0.02304   0.02125
   146/399     7.78G   0.03409   0.01434   0.02068   0.06911        25      1024     0.393    0.9821    0.9052    0.5839   0.01883   0.02344   0.02086
   147/399     7.78G   0.03707   0.01762   0.01935   0.07404        35      1024    0.3638    0.9821    0.8869    0.6218   0.02111   0.02358    0.0205
   148/399     7.78G   0.03342   0.01608   0.02086   0.07036        22      1024    0.3662     0.994    0.8894    0.6891   0.01839   0.02318   0.01998
   149/399     7.78G   0.03058    0.0156   0.02191   0.06809        35      1024    0.4004    0.9821    0.9168    0.7081   0.01701   0.02351   0.02004
   150/399     7.78G   0.02991   0.01447   0.01979   0.06418        22      1024    0.3591    0.9821    0.8904    0.6373   0.01823   0.02383   0.02071
   151/399     7.78G   0.03265   0.01574   0.02072   0.06911        29      1024    0.3721    0.9821    0.8863    0.6964   0.01826   0.02283   0.02085
   152/399     7.78G   0.03355   0.01553    0.0219   0.07098        34      1024    0.3888    0.9821    0.9116    0.6875   0.01763   0.02306   0.02149
   153/399     7.78G   0.03287   0.01685    0.0193   0.06902        30      1024    0.3988    0.9696    0.8337    0.6108   0.01687   0.02303   0.02212
   154/399     7.78G   0.02823   0.01502   0.02154   0.06479        23      1024    0.4389    0.9758    0.9045    0.7133   0.01501   0.02236   0.02154
   155/399     7.78G   0.02696   0.01474    0.0207    0.0624        37      1024     0.412    0.9821    0.9133     0.713   0.01629   0.02273   0.02105
   156/399     7.78G   0.02627   0.01676   0.01951   0.06254        45      1024    0.3977    0.9821    0.9322    0.7395   0.01671   0.02244   0.02115
   157/399     7.78G   0.02832   0.01459   0.01894   0.06185        27      1024    0.4286     0.994    0.8931    0.6418   0.01757   0.02299   0.02187
   158/399     7.78G   0.03259   0.01547   0.01934    0.0674        35      1024    0.4359    0.9821     0.922    0.6771   0.01842   0.02288   0.02118
   159/399     7.78G   0.03589   0.01693    0.0198   0.07262        23      1024    0.4182    0.9821    0.9287    0.7297   0.01815   0.02351   0.02077
   160/399     7.78G   0.03001   0.01593   0.01722   0.06316        36      1024    0.4152    0.9821    0.9327    0.7277   0.01498   0.02295   0.01981
   161/399     7.78G   0.02501   0.01688   0.01737   0.05925        41      1024    0.4494     0.994     0.937     0.727   0.01427   0.02254   0.01987
   162/399     7.78G   0.02576   0.01553    0.0169    0.0582        30      1024    0.4357    0.9702    0.9193    0.6922   0.01531   0.02206   0.01957
   163/399     7.78G   0.02853   0.01666    0.0168   0.06199        30      1024    0.4394    0.9702    0.9325    0.7535    0.0142   0.02171   0.02047
   164/399     7.78G   0.03017   0.01615   0.01688   0.06321        40      1024    0.4318    0.9702    0.9418    0.6834   0.02025   0.02351   0.01914
   165/399     7.78G   0.03185   0.01803   0.01729   0.06717        34      1024    0.4056    0.9702    0.9444    0.7573   0.01734   0.02292   0.01744
   166/399     7.78G   0.03031   0.01568   0.01747   0.06346        32      1024     0.417     0.975    0.9309    0.7012    0.0182   0.02276   0.01843
   167/399     7.78G   0.02848   0.01563   0.01601   0.06012        28      1024    0.4224    0.9667    0.9274    0.7295   0.01715   0.02287   0.01826
   168/399     7.78G   0.02649    0.0155   0.01646   0.05845        33      1024    0.4422    0.9702     0.943    0.7475   0.01534    0.0224   0.01692
   169/399     7.78G   0.02713   0.01636   0.01558   0.05907        33      1024    0.4518    0.9702    0.9479    0.7001   0.01767   0.02285   0.01684
   170/399     7.78G   0.02993   0.01541   0.01687    0.0622        25      1024    0.4407    0.9758     0.931    0.7274   0.01736    0.0226   0.01621
   171/399     7.78G   0.03341   0.01632   0.01685   0.06658        44      1024    0.4235    0.9643    0.9116    0.6834   0.01695   0.02218   0.01674
   172/399     7.78G   0.02649   0.01501   0.01648   0.05798        28      1024    0.4186    0.9643    0.9043    0.7229   0.01658   0.02152   0.01613
   173/399     7.78G    0.0252   0.01424    0.0156   0.05505        23      1024    0.4384    0.9524     0.898    0.7613   0.01547   0.02152   0.01688
   174/399     7.78G   0.02566   0.01388   0.01592   0.05547        32      1024    0.4478    0.9524     0.903    0.7134   0.01584   0.02154   0.01679
   175/399     7.78G   0.03016   0.01584   0.01521   0.06121        29      1024    0.4247    0.9224    0.9176    0.7286   0.01776   0.02266   0.01667
   176/399     7.78G   0.03087   0.01556   0.01533   0.06176        21      1024    0.4676    0.9431    0.9113    0.7289   0.01521   0.02297   0.01816
   177/399     7.78G   0.02675    0.0158   0.01591   0.05846        39      1024    0.4648    0.9598    0.8899    0.7374   0.01528   0.02315   0.01752
   178/399     7.78G   0.02541   0.01475   0.01395   0.05411        34      1024    0.4639    0.9524    0.9063    0.7341   0.01426   0.02224    0.0166
   179/399     7.78G   0.02662   0.01392   0.01544   0.05599        23      1024    0.4674    0.9702    0.9145    0.7532   0.01263   0.02184   0.01543
   180/399     7.78G   0.02309     0.014    0.0146   0.05168        37      1024    0.4587    0.9702     0.936    0.7598   0.01473   0.02249    0.0149
   181/399     7.78G   0.02414   0.01299   0.01465   0.05178        30      1024    0.4747    0.9702     0.931     0.796   0.01329   0.02266   0.01454
   182/399     7.78G   0.02501   0.01464   0.01421   0.05386        38      1024    0.4617     0.994    0.9418    0.7867   0.01355   0.02254   0.01536
   183/399     7.78G   0.02676   0.01347    0.0142   0.05443        25      1024    0.4635    0.9821    0.9442    0.7797   0.01467   0.02262   0.01489
   184/399     7.78G   0.02397   0.01454   0.01426   0.05277        47      1024    0.4789    0.9821    0.9503    0.7413   0.01537   0.02236   0.01603
   185/399     7.78G   0.02343   0.01389    0.0138   0.05112        30      1024    0.4745    0.9821    0.9529    0.7995   0.01254   0.02072   0.01629
   186/399     7.78G   0.02459   0.01324   0.01418   0.05201        31      1024     0.484    0.9702    0.9277    0.7386   0.01503   0.02153   0.01731
   187/399     7.78G    0.0267    0.0142   0.01403   0.05492        29      1024    0.4673    0.9583    0.9095    0.7378   0.01359   0.02105   0.01738
   188/399     7.78G   0.02627   0.01635   0.01349   0.05611        35      1024    0.4777    0.9821    0.9529     0.747   0.01427   0.02067   0.01482
   189/399     7.78G   0.02453   0.01391   0.01324   0.05168        36      1024    0.4709    0.9583    0.9376    0.7692   0.01392   0.02162   0.01519
   190/399     7.78G   0.02352     0.015   0.01411   0.05263        27      1024    0.4785    0.9821    0.9508    0.7708   0.01352   0.02083   0.01555
   191/399     7.78G   0.02419   0.01311    0.0142   0.05151        31      1024    0.5005    0.9821    0.9522    0.7696   0.01456   0.02131   0.01459
   192/399     7.78G    0.0237   0.01343   0.01138   0.04852        31      1024    0.5127    0.9821    0.9478    0.7376   0.01461   0.02143   0.01437
   193/399     7.78G   0.02236   0.01427   0.01376   0.05039        42      1024    0.5057    0.9821    0.9515    0.8062   0.01458   0.02207   0.01346
   194/399     7.78G   0.02305   0.01475   0.01319   0.05099        39      1024    0.5012    0.9821    0.9419    0.7535   0.01599   0.02286   0.01536
   195/399     7.78G   0.02449   0.01369   0.01483   0.05301        18      1024    0.4843    0.9821     0.929    0.7798   0.01496   0.02315   0.01516
   196/399     7.78G   0.02415   0.01383   0.01266   0.05064        33      1024    0.5196    0.9821    0.9378    0.7619   0.01545   0.02328   0.01444
   197/399     7.78G   0.02405   0.01465   0.01374   0.05244        42      1024    0.5275    0.9821     0.942    0.7465   0.01494   0.02476   0.01532
   198/399     7.78G   0.02278   0.01539   0.01267   0.05084        36      1024     0.524    0.9821    0.9449      0.74   0.01388   0.02379   0.01502
   199/399     7.78G   0.02081   0.01429   0.01264   0.04774        24      1024    0.5326    0.9821    0.9529    0.8009   0.01456   0.02434   0.01473
   200/399     7.78G   0.02167   0.01357   0.01121   0.04645        39      1024    0.5015    0.9583    0.9472    0.7826   0.01447   0.02268   0.01484
   201/399     7.78G   0.02298    0.0151   0.01199   0.05006        38      1024    0.5149    0.9583    0.9463    0.7777   0.01435    0.0226   0.01469
   202/399     7.78G   0.02211   0.01459   0.01132   0.04802        31      1024    0.5014    0.9587    0.9475    0.8151   0.01276   0.02196   0.01368
   203/399     7.78G   0.02157   0.01418   0.01324   0.04898        36      1024    0.4915    0.9702    0.9314    0.7695   0.01336   0.02146   0.01365
   204/399     7.78G     0.022   0.01453   0.01138   0.04791        35      1024    0.4911    0.9583    0.9439    0.7914   0.01276   0.02121   0.01352
   205/399     7.78G   0.02337   0.01304   0.01253   0.04894        30      1024    0.4839    0.9583    0.9463    0.7879   0.01324   0.02125   0.01397
   206/399     7.78G   0.02684   0.01326   0.01336   0.05346        29      1024    0.4892    0.9592    0.9509    0.7913   0.01423   0.02163   0.01348
   207/399     7.78G   0.02583   0.01489   0.01221   0.05294        39      1024    0.5105    0.9702    0.9573    0.8155   0.01357   0.02136   0.01237
   208/399     7.78G   0.02418   0.01211   0.01385   0.05014        28      1024     0.524    0.9702    0.9744    0.8171   0.01345    0.0219   0.01222
   209/399     7.78G    0.0204   0.01246   0.01109   0.04395        29      1024    0.5301    0.9702    0.9757    0.8351   0.01204   0.02129   0.01248
   210/399     7.78G   0.02135   0.01366    0.0115   0.04651        36      1024    0.5267    0.9702     0.971    0.8399   0.01295   0.02235    0.0123
   211/399     7.78G   0.02183   0.01293   0.01135   0.04612        26      1024    0.5447    0.9821    0.9807    0.8284   0.01249   0.02205   0.01199
   212/399     7.78G   0.02188   0.01377   0.01206   0.04771        31      1024    0.5436    0.9702    0.9635     0.803   0.01344   0.02259   0.01202
   213/399     7.78G   0.02221   0.01375   0.01092   0.04688        29      1024    0.5407    0.9702    0.9615    0.8192   0.01265   0.02217   0.01257
   214/399     7.78G   0.02265   0.01337   0.01108    0.0471        24      1024    0.5306    0.9702    0.9656    0.8249   0.01316   0.02215   0.01239
   215/399     7.78G   0.02389   0.01476   0.01082   0.04947        44      1024    0.5153    0.9702    0.9559    0.8072   0.01414   0.02245   0.01132
   216/399     7.78G   0.02354   0.01349   0.01022   0.04725        26      1024    0.5364    0.9702    0.9386    0.7997   0.01356   0.02186   0.01198
   217/399     7.78G   0.02047   0.01269   0.01024    0.0434        21      1024    0.5379    0.9702    0.9475    0.7875   0.01282   0.02163   0.01207
   218/399     7.78G   0.02086   0.01219   0.01087   0.04392        22      1024    0.5321    0.9702    0.9555    0.7971   0.01275   0.02124   0.01087
   219/399     7.78G   0.02292   0.01578   0.01094   0.04965        46      1024    0.5308    0.9702    0.9576    0.8295   0.01239   0.02098   0.01107
   220/399     7.78G   0.02371   0.01384   0.01054   0.04809        46      1024    0.5414    0.9702    0.9593     0.727   0.01402   0.02194   0.01128
   221/399     7.78G   0.02178   0.01266   0.01013   0.04456        35      1024    0.5432    0.9702    0.9587    0.7518   0.01344    0.0218   0.01094
   222/399     7.78G   0.01911   0.01241    0.0104   0.04191        43      1024    0.5427    0.9702    0.9726    0.8332   0.01233   0.02118   0.01053
   223/399     7.78G   0.01922   0.01314  0.009591   0.04195        46      1024     0.541    0.9702    0.9651    0.8284   0.01213   0.02173   0.01135
   224/399     7.78G   0.01863    0.0123   0.01006     0.041        30      1024    0.5582    0.9702    0.9684    0.8351   0.01156   0.02188   0.01113
   225/399     7.78G   0.01794   0.01313   0.00985   0.04092        34      1024    0.5832    0.9702     0.975    0.8411   0.01203   0.02153    0.0111
   226/399     7.78G    0.0185   0.01222    0.0109   0.04162        27      1024    0.5788    0.9702    0.9738    0.8076   0.01339   0.02202   0.01036
   227/399     7.78G   0.01995   0.01415   0.01086   0.04497        38      1024    0.5792    0.9702    0.9743    0.8319   0.01197   0.02156   0.01034
   228/399     7.78G   0.02029   0.01191   0.01177   0.04397        26      1024    0.5561    0.9702    0.9523    0.7935   0.01379   0.02216   0.01038
   229/399     7.78G    0.0219   0.01246  0.009832   0.04419        31      1024    0.5659    0.9702    0.9562    0.8411   0.01304   0.02192   0.01089
   230/399     7.78G   0.02228   0.01233  0.009509   0.04412        23      1024    0.5705    0.9702    0.9626    0.8193   0.01369   0.02164   0.01128
   231/399     7.78G   0.02313   0.01351  0.009819   0.04645        35      1024    0.5991    0.9702    0.9626    0.8189   0.01249   0.02089   0.01187
   232/399     7.78G   0.02461   0.01451   0.01067   0.04979        40      1024    0.5913    0.9702    0.9604    0.8151   0.01399   0.02131   0.01164
   233/399     7.78G   0.02201   0.01403   0.01051   0.04654        37      1024    0.5915    0.9583    0.9583    0.8123   0.01257   0.02122   0.01141
   234/399     7.78G   0.02103    0.0141    0.0107   0.04583        32      1024    0.5948    0.9583    0.9555    0.8358    0.0123   0.02089   0.01121
   235/399     7.78G   0.02044     0.014   0.01058   0.04503        37      1024    0.5986    0.9613    0.9671    0.8358   0.01224   0.02123   0.01092
   236/399     7.78G   0.02217    0.0135  0.008816   0.04448        35      1024    0.5873    0.9702     0.963    0.8416   0.01274   0.02119   0.01096
   237/399     7.78G   0.02615   0.01434  0.008362   0.04885        32      1024    0.5896    0.9702    0.9663    0.8272   0.01344    0.0214   0.01066
   238/399     7.78G   0.02179    0.0126  0.009271   0.04366        25      1024    0.5859    0.9734    0.9761    0.8413   0.01187   0.02098   0.01063
   239/399     7.78G   0.01992   0.01287  0.008529   0.04132        35      1024    0.5843    0.9737    0.9762    0.8616   0.01164   0.02076   0.01059
   240/399     7.78G    0.0182   0.01282  0.008634   0.03965        35      1024    0.5653    0.9733    0.9772    0.8635   0.01221   0.02063    0.0104
   241/399     7.78G   0.01843   0.01227  0.007553   0.03825        22      1024    0.5739    0.9769    0.9774    0.8658   0.01173   0.02024   0.01031
   242/399     7.78G   0.02036   0.01194  0.009491   0.04179        19      1024    0.5849    0.9821    0.9548    0.8374   0.01306   0.02081  0.009906
   243/399     7.78G   0.01927   0.01248  0.009094   0.04084        30      1024    0.6025    0.9821    0.9564    0.8511   0.01122   0.02083  0.009751
   244/399     7.78G   0.01979   0.01273   0.01075   0.04327        43      1024    0.5882    0.9821     0.981    0.8454   0.01203   0.02145  0.009033
   245/399     7.78G   0.02126   0.01285   0.01011   0.04421        35      1024    0.5848    0.9821    0.9832     0.831    0.0139   0.02198  0.009396
   246/399     7.78G   0.02133   0.01384   0.01092   0.04609        26      1024    0.5789    0.9821    0.9793    0.8239   0.01302   0.02103  0.009693
   247/399     7.78G   0.01822   0.01245  0.008465   0.03914        25      1024    0.5749    0.9821    0.9788    0.8348   0.01241    0.0208  0.009539
   248/399     7.78G   0.01645   0.01214   0.00864   0.03723        28      1024    0.5546    0.9821    0.9783    0.8499   0.01096    0.0198  0.009538
   249/399     7.78G   0.01801   0.01256  0.009569   0.04014        28      1024    0.5632    0.9821    0.9809    0.8631   0.01069   0.01958   0.00963
   250/399     7.78G   0.01964    0.0131  0.009039   0.04177        19      1024    0.5702    0.9821    0.9809     0.836   0.01131   0.02007  0.009902
   251/399     7.78G   0.02176    0.0128  0.008999   0.04356        25      1024    0.5732    0.9821    0.9806    0.8438   0.01163   0.02026   0.01013
   252/399     7.78G   0.02155   0.01329  0.009235   0.04407        46      1024    0.5843    0.9821    0.9749    0.8633   0.01001   0.01983  0.009934
   253/399     7.78G   0.01929   0.01179  0.008723    0.0398        42      1024     0.594    0.9821    0.9671    0.8327   0.01117   0.02009  0.009756
   254/399     7.78G   0.01881   0.01209  0.008333   0.03923        23      1024    0.5866    0.9719    0.9592    0.8224   0.01078   0.02004   0.01004
   255/399     7.78G    0.0196    0.0138  0.008678   0.04208        36      1024    0.6009    0.9925    0.9746    0.8282   0.01196   0.02055   0.00981
   256/399     7.78G   0.02027   0.01262  0.008654   0.04154        20      1024    0.6273     0.994    0.9747    0.8137   0.01246   0.02118   0.01024
   257/399     7.78G   0.01876   0.01254  0.009455   0.04075        38      1024    0.6357     0.994    0.9858    0.8703   0.01063   0.02076   0.01007
   258/399     7.78G   0.01733    0.0123   0.01054   0.04018        41      1024    0.6468     0.994     0.984    0.8538   0.01122   0.02093   0.01052
   259/399     7.78G   0.01808   0.01214  0.007845   0.03807        36      1024     0.631    0.9821    0.9714    0.8634   0.01079   0.02056    0.0104
   260/399     7.78G   0.01869   0.01312  0.008337   0.04014        38      1024    0.6171    0.9818    0.9734     0.858   0.01138   0.01981   0.01013
   261/399     7.78G   0.01757   0.01143  0.008952   0.03795        33      1024    0.6431    0.9936    0.9849    0.8545   0.01178   0.02016  0.009663
   262/399     7.78G   0.01646   0.01224  0.008983   0.03768        30      1024    0.6439    0.9936    0.9921     0.857   0.01157   0.02049  0.009631
   263/399     7.78G   0.01591   0.01332  0.008711   0.03794        42      1024    0.6526    0.9936    0.9922    0.8682    0.0104   0.02058  0.009917
   264/399     7.78G   0.01537   0.01299  0.007722   0.03608        44      1024    0.6651     0.994    0.9919    0.8707   0.01015   0.02048  0.009871
   265/399     7.78G    0.0161    0.0108  0.008163   0.03506        31      1024     0.672     0.994    0.9902    0.8658      0.01   0.02032   0.01019
   266/399     7.78G   0.01783   0.01309   0.00912   0.04004        40      1024    0.6889    0.9821      0.97    0.8609   0.01008   0.02019   0.01122
   267/399     7.78G   0.01834   0.01382  0.007763   0.03993        51      1024    0.6766    0.9702     0.964    0.8673   0.00998   0.02032   0.01146
   268/399     7.78G   0.01767   0.01196  0.007563   0.03719        27      1024    0.6794    0.9819    0.9852    0.8625    0.0107   0.02052    0.0118
   269/399     7.78G   0.01705   0.01141  0.007292   0.03575        25      1024    0.6774    0.9795    0.9821    0.8618   0.01006   0.02001   0.01204
   270/399     7.78G   0.01624   0.01077  0.009134   0.03614        22      1024    0.6634    0.9702    0.9789    0.8539   0.01037   0.02055   0.01105
   271/399     7.78G   0.01512   0.01049  0.007489    0.0331        38      1024    0.6584    0.9731    0.9818    0.8593   0.01073   0.02131   0.01017
   272/399     7.78G   0.01647   0.01273  0.007492   0.03669        29      1024    0.6563    0.9702    0.9842    0.8463   0.01145   0.02123  0.009474
   273/399     7.78G   0.01775   0.01213  0.007837   0.03772        28      1024    0.6575    0.9702    0.9769    0.8553   0.01067   0.02072   0.01008
   274/399     7.78G   0.02049   0.01175  0.008486   0.04072        30      1024    0.6519    0.9702    0.9772    0.8521   0.01286   0.02074    0.0105
   275/399     7.78G   0.02215   0.01197   0.00816   0.04229        38      1024    0.6383    0.9702    0.9766    0.8675    0.0123   0.02058    0.0115
   276/399     7.78G   0.01698   0.01254   0.00726   0.03679        32      1024    0.6283    0.9617     0.961    0.8501   0.01133   0.02083   0.01739
   277/399     7.78G   0.01692     0.012  0.008564   0.03748        33      1024    0.6335    0.9617    0.9528    0.8482   0.01066   0.02036   0.01716
   278/399     7.78G   0.01531   0.01155    0.0078   0.03465        29      1024    0.6307    0.9719    0.9529    0.8404   0.01027   0.01965   0.01499
   279/399     7.78G   0.01732   0.01209  0.008703   0.03811        31      1024    0.6239      0.96    0.9499    0.8486   0.01088    0.0196    0.0137
   280/399     7.78G   0.01903    0.0121  0.007351   0.03849        36      1024    0.6305    0.9702    0.9561    0.8357   0.01135   0.01956   0.01304
   281/399     7.78G   0.01696   0.01129  0.006878   0.03513        27      1024    0.6438    0.9702    0.9519    0.8556   0.01131   0.01977   0.01227
   282/399     7.78G   0.01718   0.01191  0.007781   0.03688        30      1024    0.6555    0.9821     0.944    0.8356   0.01095   0.01978    0.0118
   283/399     7.78G   0.01776   0.01344  0.007142   0.03834        42      1024    0.6665    0.9464    0.9322    0.8354   0.01089   0.02004   0.01197
   284/399     7.78G    0.0176   0.01238    0.0075   0.03748        33      1024    0.7126    0.9808    0.9478      0.83    0.0105   0.01973   0.01204
   285/399     7.78G   0.01823   0.01196  0.007308    0.0375        36      1024    0.6996    0.9694    0.9369    0.8503   0.01036   0.01998   0.01174
   286/399     7.78G   0.01615   0.01257  0.007478    0.0362        39      1024    0.6756    0.9697    0.9323    0.8275   0.01024   0.02026   0.01107
   287/399     7.78G   0.01495   0.01052  0.007252   0.03272        29      1024    0.6842    0.9698    0.9324    0.8451    0.0101   0.02036   0.01117
   288/399     7.78G    0.0152   0.01033  0.009708   0.03523        24      1024    0.6785    0.9692    0.9335      0.83   0.01094    0.0208   0.01108
   289/399     7.78G    0.0155   0.01271  0.007129   0.03534        43      1024    0.6745    0.9598    0.9356    0.8312   0.01113   0.02147   0.01142
   290/399     7.78G   0.01757   0.01218  0.006318   0.03607        37      1024    0.6683    0.9481    0.9532    0.8244   0.01252   0.02203   0.01133
   291/399     7.78G   0.01854   0.01138  0.006582    0.0365        24      1024    0.6556      0.96    0.9449    0.8521   0.01117   0.02148     0.011
   292/399     7.78G   0.01673   0.01085  0.006186   0.03376        29      1024    0.6569    0.9702    0.9474    0.8519   0.01176   0.02185   0.01081
   293/399     7.78G   0.01733   0.01162  0.006582   0.03553        32      1024    0.6565    0.9702    0.9629    0.8768   0.01003   0.02137   0.01058
   294/399     7.78G   0.01567   0.01211  0.007504   0.03529        43      1024    0.6644    0.9702    0.9627    0.8544   0.01114   0.02115  0.009827
   295/399     7.78G   0.01637   0.01169  0.007124   0.03518        46      1024    0.6653    0.9591    0.9514    0.8504    0.0109   0.02109  0.009535
   296/399     7.78G   0.01775   0.01287  0.006815   0.03744        40      1024    0.6904    0.9696    0.9571    0.8541   0.01076   0.02068  0.009448
   297/399     7.78G   0.01896   0.01148  0.006623   0.03706        28      1024    0.6822    0.9464    0.9479    0.8412   0.01013   0.02046  0.009486
   298/399     7.78G    0.0149   0.01059  0.006352   0.03185        23      1024    0.6862    0.9464    0.9452    0.8459  0.009413   0.02011  0.009455
   299/399     7.78G   0.01403   0.01068  0.007522   0.03223        24      1024    0.6759    0.9464     0.954    0.8629  0.009688   0.01996  0.009632
   300/399     7.78G   0.01448  0.009953  0.007302   0.03173        30      1024    0.6883    0.9464    0.9588    0.8568   0.00991   0.01993  0.009429
   301/399     7.78G   0.01586   0.01179   0.00804   0.03569        42      1024    0.7099    0.9696    0.9678    0.8671   0.01009   0.01982  0.009271
   302/399     7.78G   0.01597   0.01012  0.006654   0.03275        21      1024    0.6693    0.9566    0.9512    0.8506   0.01089   0.01988  0.009318
   303/399     7.78G   0.01673   0.01128  0.007708   0.03572        29      1024    0.6472    0.9406    0.9356    0.8346   0.01067   0.02001   0.01011
   304/399     7.78G   0.01632     0.012  0.006577    0.0349        30      1024    0.6551    0.9515    0.9361    0.8404  0.009964   0.01991    0.0112
   305/399     7.78G   0.01617   0.01293  0.006596    0.0357        43      1024    0.6401    0.9405    0.9371    0.8392   0.01078   0.02027    0.0117
   306/399     7.78G   0.01483   0.01044  0.007258   0.03252        17      1024    0.6379      0.94    0.9414    0.8436   0.01003    0.0201   0.01139
   307/399     7.78G   0.01431    0.0118  0.006795    0.0329        34      1024    0.6457    0.9303    0.9497    0.8556  0.009652   0.01966   0.01113
   308/399     7.78G   0.01425   0.01139  0.007119   0.03276        36      1024    0.6711    0.9422    0.9425    0.8519   0.00888   0.01917   0.01129
   309/399     7.78G   0.01493  0.009944  0.007684   0.03256        34      1024    0.6674    0.9474    0.9295     0.843  0.009364   0.01947   0.01189
   310/399     7.78G   0.01394   0.01013  0.007279   0.03135        31      1024    0.6731    0.9501    0.9272    0.8401  0.009417   0.01921   0.01208
   311/399     7.78G   0.01363   0.01019  0.006466   0.03029        28      1024     0.673    0.9516    0.9426    0.8501  0.009403   0.01939   0.01148
   312/399     7.78G   0.01363  0.009848  0.006986   0.03047        25      1024    0.6855    0.9639    0.9581    0.8676  0.009566   0.01998    0.0105
   313/399     7.78G    0.0142   0.01033  0.006125   0.03065        22      1024     0.677      0.96    0.9587    0.8606  0.009499   0.02018  0.009801
   314/399     7.78G   0.01453   0.01086  0.007027   0.03242        39      1024    0.7199    0.9821    0.9669    0.8607  0.009336   0.02005  0.009327
   315/399     7.78G   0.01325  0.009411  0.007212   0.02987        20      1024    0.7142    0.9701    0.9594    0.8864  0.009288   0.02019  0.009161
   316/399     7.78G   0.01376   0.01095  0.007027   0.03174        31      1024    0.7309    0.9818    0.9811    0.8782  0.009463   0.02001  0.009074
   317/399     7.78G   0.01281   0.01027  0.006543   0.02963        41      1024    0.7417    0.9817    0.9787    0.8786  0.009424   0.01973  0.009246
   318/399     7.78G   0.01205  0.009904   0.00678   0.02873        32      1024    0.7428    0.9808    0.9736    0.8795  0.008969   0.01943  0.009313
   319/399     7.78G   0.01323   0.01031  0.008762   0.03231        30      1024    0.7388    0.9805    0.9735    0.8626  0.009782   0.02029  0.009354
   320/399     7.78G   0.01307   0.01158  0.006221   0.03087        44      1024    0.7216    0.9694    0.9753    0.8621  0.009588   0.02009  0.009261
   321/399     7.78G   0.01476   0.01283  0.006067   0.03366        37      1024    0.7192    0.9694    0.9755    0.8694  0.009609   0.02028  0.009189
   322/399     7.78G    0.0152   0.01046  0.007407   0.03306        35      1024    0.7269    0.9697    0.9789    0.8664   0.01019   0.02071  0.008872
   323/399     7.78G   0.01624   0.01163  0.006764   0.03464        38      1024     0.709    0.9702    0.9811    0.8797  0.009626   0.02068  0.008386
   324/399     7.78G   0.01524   0.01121  0.006677   0.03313        32      1024    0.7172    0.9702    0.9767    0.8752  0.009515   0.02057  0.008496
   325/399     7.78G   0.01635   0.01011  0.006426   0.03289        23      1024    0.7206    0.9702    0.9763    0.8688  0.009573   0.02098  0.008836
   326/399     7.78G   0.01486   0.01149  0.006615   0.03297        37      1024    0.7176    0.9702    0.9752     0.872   0.00944   0.02042  0.009041
   327/399     7.78G   0.01341  0.009706  0.006566   0.02968        24      1024    0.7303    0.9702    0.9746    0.8778  0.009367   0.02021   0.00912
   328/399     7.78G   0.01371  0.009829  0.006333   0.02987        29      1024    0.7239    0.9701     0.978    0.8858  0.009028   0.01996  0.009289
   329/399     7.78G   0.01436   0.01052  0.006025   0.03091        38      1024     0.738    0.9702    0.9756     0.879  0.009555   0.01988  0.009456
   330/399     7.78G   0.01345   0.01112  0.005687   0.03025        38      1024    0.7266    0.9702    0.9726    0.8821  0.009069   0.01925  0.009605
   331/399     7.78G   0.01384   0.01087  0.006508   0.03122        35      1024    0.7235    0.9698    0.9738     0.895  0.009079   0.01904  0.009454
   332/399     7.78G   0.01408   0.01034  0.006992   0.03141        30      1024    0.7228    0.9516    0.9646    0.8843  0.008898   0.01904  0.009313
   333/399     7.78G   0.01354   0.01065  0.006249   0.03043        41      1024     0.733    0.9697    0.9731    0.8851  0.009171   0.01933  0.009071
   334/399     7.78G   0.01435   0.01103  0.006322   0.03171        40      1024    0.7331    0.9702    0.9765    0.8744  0.009206    0.0194  0.008809
   335/399     7.78G   0.01383   0.01017  0.008025   0.03202        25      1024    0.7221    0.9702    0.9741    0.8844   0.00885   0.01955  0.008634
   336/399     7.78G   0.01239  0.009462  0.006992   0.02885        25      1024     0.729    0.9807    0.9772    0.8839   0.00869   0.01943  0.008532
   337/399     7.78G   0.01132   0.01021  0.005993   0.02752        31      1024     0.711    0.9805    0.9793    0.8905  0.008708   0.01943  0.008431
   338/399     7.78G   0.01245   0.01027  0.006926   0.02965        26      1024    0.7025    0.9793    0.9771    0.8822  0.009259   0.01948  0.008523
   339/399     7.78G   0.01279   0.01025   0.00665   0.02969        36      1024    0.7086    0.9801    0.9792    0.8856  0.009173   0.01918  0.008554
   340/399     7.78G   0.01408  0.009578  0.006522   0.03018        22      1024    0.7103    0.9811    0.9814    0.8921  0.009234   0.01931  0.008415
   341/399     7.78G     0.013  0.009705   0.00683   0.02953        28      1024    0.7115    0.9702    0.9786    0.8866  0.009391   0.01963  0.008491
   342/399     7.78G   0.01183  0.009309  0.005531   0.02667        31      1024     0.728    0.9821    0.9684    0.8741  0.008534   0.01939  0.008793
   343/399     7.78G   0.01155  0.008902  0.006455    0.0269        36      1024    0.7157    0.9702    0.9657    0.8689  0.008936    0.0196  0.009319
   344/399     7.78G   0.01106  0.009798   0.00663   0.02749        23      1024    0.7203    0.9702    0.9654    0.8888  0.008416   0.01947  0.009645
   345/399     7.78G   0.01085  0.008783  0.005351   0.02498        22      1024     0.731    0.9821    0.9668    0.8799  0.008722   0.01976  0.009957
   346/399     7.78G   0.01141    0.0104  0.005202   0.02701        25      1024    0.7357     0.982    0.9668    0.8801  0.008734    0.0196   0.01007
   347/399     7.78G   0.01254  0.008971  0.006331   0.02784        27      1024    0.7275    0.9702     0.964    0.8781  0.008491   0.01948   0.01038
   348/399     7.78G   0.01227  0.009676  0.006848   0.02879        40      1024    0.7448    0.9692    0.9529    0.8695  0.008613   0.01951   0.01064
   349/399     7.78G   0.01311   0.01118   0.00654   0.03083        35      1024    0.7576    0.9679    0.9589    0.8659  0.009063   0.02004   0.01076
   350/399     7.78G    0.0128  0.009182  0.005716    0.0277        33      1024      0.75    0.9677    0.9539    0.8701  0.008863   0.01984   0.01089
   351/399     7.78G   0.01295  0.009808  0.006767   0.02952        15      1024    0.7506    0.9668    0.9527    0.8773  0.008922   0.01994   0.01097
   352/399     7.78G    0.0122  0.009584  0.005812    0.0276        35      1024     0.751    0.9674     0.953    0.8807  0.008893   0.01992   0.01055
   353/399     7.78G   0.01222   0.01057  0.005438   0.02823        37      1024    0.7485    0.9649    0.9529    0.8684  0.009054   0.02013   0.01041
   354/399     7.78G   0.01285   0.01074  0.005282   0.02887        31      1024    0.7481    0.9598     0.953    0.8647  0.009239   0.02029   0.01024
   355/399     7.78G   0.01408   0.01027  0.006908   0.03126        31      1024    0.7459      0.96    0.9571    0.8634  0.009483   0.02012   0.01007
   356/399     7.78G   0.01426  0.009553  0.005286    0.0291        30      1024    0.7527     0.969    0.9667    0.8724  0.009167    0.0195  0.009629
   357/399     7.78G   0.01346  0.009733  0.005866   0.02906        33      1024    0.7368    0.9821    0.9786    0.8903  0.009115    0.0193  0.009132
   358/399     7.78G   0.01364  0.009966  0.005319   0.02893        29      1024     0.735    0.9821     0.979    0.8941  0.009301   0.01959  0.008655
   359/399     7.78G   0.01364  0.009296  0.006344   0.02928        32      1024    0.7383    0.9643    0.9755    0.8842  0.009181   0.01954  0.008533
   360/399     7.78G   0.01261    0.0102  0.006004   0.02882        27      1024    0.7319    0.9496    0.9688    0.8881  0.009128   0.01939  0.008611
   361/399     7.78G   0.01292  0.009931  0.005811   0.02866        30      1024    0.7152    0.9524    0.9599    0.8771  0.009026   0.01934   0.00913
   362/399     7.78G    0.0126   0.01045  0.006526   0.02958        29      1024    0.7328    0.9522    0.9532    0.8908  0.008798   0.01901  0.009572
   363/399     7.78G   0.01289  0.009928  0.006622   0.02944        23      1024    0.7095    0.9286    0.9444    0.8737  0.009114   0.01897  0.009746
   364/399     7.78G   0.01355   0.01055  0.007012   0.03111        26      1024    0.6951    0.9286    0.9515    0.8874  0.009307   0.01918  0.009706
   365/399     7.78G    0.0122   0.01004  0.005424   0.02766        46      1024    0.6971    0.9286    0.9538    0.8988  0.008135   0.01845  0.009469
   366/399     7.78G   0.01297   0.01007  0.007111   0.03015        25      1024    0.7357    0.9516    0.9598    0.8896  0.008078   0.01842  0.009151
   367/399     7.78G    0.0121   0.01038   0.00583   0.02831        38      1024    0.7442    0.9693    0.9696    0.8915  0.008359   0.01873  0.008829
   368/399     7.78G   0.01207   0.01026  0.007844   0.03017        35      1024    0.7489    0.9693    0.9706    0.8942  0.008397   0.01885  0.008442
   369/399     7.78G   0.01191  0.008946  0.005663   0.02652        34      1024    0.7511    0.9693    0.9697    0.8798  0.009109   0.01963  0.007992
   370/399     7.78G   0.01357   0.01017  0.006116   0.02986        29      1024    0.7496    0.9696    0.9697    0.8711  0.009039   0.01973  0.007816
   371/399     7.78G   0.01417  0.009772  0.006682   0.03062        36      1024    0.7377    0.9695    0.9697    0.8738  0.009391   0.01988  0.007786
   372/399     7.78G    0.0135   0.01037  0.005457   0.02933        31      1024    0.7092    0.9464    0.9648    0.8717  0.009079   0.01964  0.007789
   373/399     7.78G   0.01454   0.01106  0.006589   0.03219        21      1024    0.7104    0.9703    0.9723    0.8881  0.008571   0.01957  0.008185
   374/399     7.78G   0.01384   0.01097  0.005546   0.03036        31      1024    0.6847    0.9526    0.9642    0.8788  0.009029   0.01982  0.008783
   375/399     7.78G   0.01254  0.009241  0.005904   0.02768        24      1024    0.6909    0.9563    0.9619    0.8762  0.008502   0.01934   0.00906
   376/399     7.78G   0.01343   0.01031  0.006644   0.03039        33      1024     0.701    0.9594    0.9601    0.8815   0.00915   0.01965  0.009326
   377/399     7.78G   0.01449  0.009621  0.005941   0.03005        27      1024    0.7039    0.9571    0.9601    0.8705   0.00923   0.01956  0.009338
   378/399     7.78G   0.01405  0.008908   0.01036   0.03331        17      1024    0.7006    0.9464    0.9559    0.8778  0.009009   0.01946   0.00921
   379/399     7.78G   0.01189   0.01077  0.006692   0.02935        37      1024    0.7195    0.9464    0.9588    0.8848  0.008553   0.01906   0.00909
   380/399     7.78G   0.01167   0.00958  0.005287   0.02654        33      1024    0.7566    0.9702    0.9647    0.8976  0.008384   0.01895  0.009036
   381/399     7.78G   0.01215   0.01006  0.005575   0.02779        38      1024    0.7375    0.9702    0.9664    0.8876  0.008585   0.01879   0.00897
   382/399     7.78G   0.01202  0.008541  0.005934    0.0265        23      1024    0.7341    0.9702    0.9697    0.8893  0.008616   0.01883  0.008674
   383/399     7.78G    0.0118  0.009443   0.00594   0.02718        29      1024    0.7321    0.9702    0.9717    0.8846  0.008968   0.01908  0.008487
   384/399     7.78G   0.01261   0.01037  0.005074   0.02805        41      1024    0.7202    0.9702    0.9755    0.8938  0.008953   0.01929  0.008567
   385/399     7.78G    0.0139   0.01132  0.005449   0.03067        39      1024    0.7172    0.9702    0.9728    0.8857  0.008777   0.01933  0.009102
   386/399     7.78G   0.01303  0.008552  0.005701   0.02728        31      1024    0.7138    0.9702     0.967     0.884   0.00876   0.01943   0.00981
   387/399     7.78G   0.01182   0.01058  0.006739   0.02914        31      1024     0.726    0.9702    0.9654    0.8858  0.008471   0.01962  0.009485
   388/399     7.78G   0.01095  0.009043  0.007184   0.02717        22      1024    0.7419    0.9702    0.9675     0.898  0.008667   0.01954  0.009544
   389/399     7.78G   0.01105  0.008667  0.006833   0.02655        32      1024    0.7475    0.9598    0.9615    0.8903  0.008578   0.01932   0.00996
   390/399     7.78G   0.01191   0.01004  0.006526   0.02848        49      1024    0.7599    0.9479    0.9693    0.8885  0.008853   0.01924   0.01033
   391/399     7.78G   0.01053  0.009471  0.004312   0.02431        29      1024    0.7616    0.9613    0.9693     0.891  0.008268   0.01884   0.01038
   392/399     7.78G   0.01102  0.009688  0.005472   0.02618        37      1024    0.7234    0.9286    0.9522    0.8799  0.008273   0.01882   0.01017
   393/399     7.78G    0.0117  0.009939  0.005509   0.02714        31      1024    0.7328    0.9396    0.9645    0.8829  0.008476   0.01874  0.009833
   394/399     7.78G   0.01233  0.009008  0.006406   0.02775        22      1024    0.7168    0.9286    0.9537     0.894  0.008258   0.01835  0.009754
   395/399     7.78G   0.01282   0.01002  0.005585   0.02843        28      1024    0.7197    0.9393      0.96    0.8784  0.008403   0.01821  0.009698
   396/399     7.78G   0.01238   0.00965  0.005002   0.02703        23      1024    0.7072    0.9286    0.9501    0.8638  0.008562   0.01853  0.009699
   397/399     7.78G   0.01312   0.01036  0.006186   0.02967        32      1024    0.7115    0.9286    0.9484    0.8633  0.008435   0.01846  0.009823
   398/399     7.78G   0.01298   0.01039  0.005353   0.02872        46      1024     0.699    0.9286     0.948    0.8613  0.008422   0.01857  0.009995
   399/399     7.78G   0.01261  0.009533  0.006467   0.02861        30      1024    0.7056    0.9364    0.9468    0.8673   0.00841   0.01867   0.01022
