     0/499     12.1G    0.1078    0.0706    0.0732    0.2516        37      1024         0         0  0.002281 0.0004122   0.08425   0.07265   0.05613
     1/499     14.4G    0.0945   0.07141   0.07244    0.2384        37      1024         0         0  0.002931 0.0005617   0.07053   0.07888   0.05645
     2/499     14.4G   0.08365   0.06805   0.07302    0.2247        33      1024         0         0   0.00728  0.001438   0.06036   0.08778   0.05659
     3/499     14.4G   0.07552   0.07078   0.07237    0.2187        31      1024         0         0   0.01337  0.003014   0.05431   0.09305   0.05661
     4/499     14.4G   0.07094   0.07389   0.07159    0.2164        24      1024    0.1429   0.02211   0.05666   0.01528   0.05097   0.09505   0.05621
     5/499     14.4G   0.06671   0.07365   0.07076    0.2111        32      1024    0.2143   0.03997    0.1118   0.03118   0.04488   0.09571   0.05655
     6/499     14.4G   0.06011   0.07284    0.0704    0.2033        35      1024   0.07143   0.01786    0.1198   0.03514   0.03909   0.09054   0.05762
     7/499     14.4G   0.05428   0.06755   0.07027    0.1921        19      1024    0.2143   0.03571    0.1515   0.07866   0.03435   0.07887   0.05745
     8/499     14.4G   0.04923   0.06543   0.06976    0.1844        35      1024   0.07143    0.0119    0.1175   0.06062   0.03115   0.06065   0.05846
     9/499     14.4G     0.049   0.04718   0.07008    0.1663        33      1024   0.05725    0.3478    0.1143   0.05283   0.03702   0.04873   0.05911
    10/499     14.4G   0.04794   0.04303   0.06967    0.1606        19      1024   0.04743    0.3421    0.1188   0.06779   0.02911   0.04624   0.05882
    11/499     14.4G   0.04632   0.04099   0.06952    0.1568        38      1024    0.1048    0.2438    0.1227   0.07817   0.02624   0.04116    0.0594
    12/499     14.4G   0.04565   0.03527    0.0686    0.1495        46      1024     0.157    0.1664    0.1287   0.06081    0.0346   0.03792   0.05937
    13/499     14.4G    0.0417    0.0323   0.06831    0.1423        25      1024    0.1213     0.131    0.1349   0.08243    0.0271   0.03546   0.05895
    14/499     14.4G   0.04544   0.03155   0.06823    0.1452        33      1024   0.07973   0.07738    0.1243    0.0772   0.03433   0.03364     0.058
    15/499     14.4G   0.04242   0.02995   0.06781    0.1402        17      1024   0.09868    0.1369    0.1408   0.07113   0.02532   0.03428   0.05773
    16/499     14.4G   0.04397   0.03026    0.0687    0.1429        36      1024   0.08655    0.1037    0.1326   0.08971   0.02854   0.03174   0.05717
    17/499     14.4G   0.04393   0.02818   0.06751    0.1396        32      1024     0.162     0.125    0.1223   0.04919    0.0293   0.03302   0.05743
    18/499     14.4G   0.03905   0.02745   0.06726    0.1338        36      1024    0.1607    0.1131    0.1409    0.0999   0.02324   0.03065   0.05745
    19/499     14.4G   0.04266   0.02655   0.06689    0.1361        36      1024    0.1608    0.1071    0.1496   0.08239   0.03583   0.03133   0.05714
    20/499     14.4G   0.03904   0.02629   0.06685    0.1322        36      1024     0.171    0.1667      0.16    0.1055   0.02692   0.02974   0.05741
    21/499     14.4G    0.0541   0.02565    0.0672     0.147        37      1024   0.08085   0.02381    0.1049   0.03124   0.04273    0.0334   0.05727
    22/499     14.4G   0.05002   0.02558    0.0657    0.1413        27      1024    0.1537   0.07738    0.1491   0.07021   0.03755   0.03178   0.05732
    23/499     14.4G   0.05007   0.02464   0.06621    0.1409        29      1024    0.2137    0.1071    0.1588   0.09519   0.03067   0.03186   0.05702
    24/499     14.4G   0.05038   0.02486   0.06469    0.1399        29      1024    0.1384   0.08333    0.1179   0.08649   0.04054   0.03207   0.05649
    25/499     14.4G   0.05325   0.02412   0.06555    0.1429        24      1024    0.1531   0.09524    0.1633   0.08978    0.0331   0.03076   0.05664
    26/499     14.4G    0.0479   0.02362   0.06467    0.1362        35      1024    0.1481   0.09524     0.144   0.05149   0.04107   0.03003   0.05719
    27/499     14.4G   0.04953   0.02528   0.06423     0.139        55      1024    0.1479   0.09524    0.1395   0.06669   0.03932   0.03232   0.05676
    28/499     14.4G    0.0501   0.02317   0.06402    0.1373        30      1024    0.1548   0.09524    0.1855    0.0923   0.02442   0.03075   0.05596
    29/499     14.4G   0.04418   0.02246   0.06328    0.1299        36      1024    0.1472   0.09524     0.174   0.07129   0.03873   0.03013   0.05593
    30/499     14.4G    0.0441    0.0216   0.06281    0.1285        29      1024    0.1659     0.131    0.1852   0.09179   0.03432   0.02988   0.05552
    31/499     14.4G   0.04635   0.02275    0.0628    0.1319        40      1024    0.1507   0.09524    0.1978    0.1007   0.02858   0.02981   0.05556
    32/499     14.4G   0.04256    0.0218   0.06231    0.1267        35      1024   0.07749   0.08333     0.201    0.1006   0.03245   0.02851   0.05558
    33/499     14.4G   0.04074   0.01952   0.06243    0.1227        31      1024    0.1509   0.09524    0.1764    0.0649   0.03095   0.02831   0.05445
    34/499     14.4G   0.04739   0.02231     0.062    0.1317        34      1024    0.1655    0.1131    0.1587    0.1044   0.03342   0.02767   0.05349
    35/499     14.4G   0.04178   0.02213   0.06155    0.1255        39      1024    0.1114    0.1051    0.2229    0.1377   0.03189   0.02629   0.05376
    36/499     14.4G   0.04162   0.02099   0.05982    0.1224        38      1024    0.1219    0.1016    0.2046    0.1251    0.0299    0.0271   0.05331
    37/499     14.4G   0.04194   0.02095   0.05914     0.122        45      1024    0.1319    0.1215    0.1981    0.1129   0.02702   0.02684   0.05299
    38/499     14.4G   0.04127   0.01996   0.05849    0.1197        27      1024    0.1692    0.1114      0.21    0.1247   0.02368   0.02657   0.05306
    39/499     14.4G   0.03996   0.02043   0.05836    0.1187        31      1024    0.1496    0.1071    0.2361    0.1332   0.02903   0.02652   0.05179
    40/499     14.4G   0.04046   0.02057   0.05649    0.1175        39      1024    0.1889    0.1352    0.2034    0.1056   0.03206    0.0272   0.05137
    41/499     14.4G   0.03969   0.01873   0.05582    0.1142        25      1024    0.1944    0.1531    0.2344    0.1512     0.031   0.02569   0.05107
    42/499     14.4G    0.0396   0.01765   0.05631    0.1136        33      1024    0.3148    0.2479    0.2901    0.2191   0.02158   0.02453   0.05093
    43/499     14.4G   0.03872   0.01888   0.05478    0.1124        28      1024    0.1075    0.1292    0.2355    0.1346   0.02531   0.02593   0.05014
    44/499     14.4G   0.04031   0.01791   0.05391    0.1121        29      1024     0.215    0.3081    0.2614    0.1074   0.03097   0.02611   0.04881
    45/499     14.4G   0.04377   0.02101   0.05313    0.1179        41      1024    0.2573    0.2156    0.2766    0.1242    0.0257   0.02497   0.04776
    46/499     14.4G   0.04048   0.01909   0.05529    0.1149        33      1024    0.1975    0.1888     0.274    0.1648    0.0262   0.02547   0.04772
    47/499     14.4G   0.03664   0.01857   0.05458    0.1098        34      1024    0.1011    0.1727    0.2744    0.1402    0.0298   0.02514   0.04748
    48/499     14.4G    0.0375   0.01755   0.05346    0.1085        32      1024    0.1983    0.3711    0.3178    0.1914   0.02786   0.02512   0.04775
    49/499     14.4G   0.03968   0.01853   0.05268    0.1109        27      1024    0.2179    0.2644    0.2707    0.1348   0.02985   0.02566   0.04641
    50/499     14.4G   0.04194   0.02025   0.05178     0.114        52      1024    0.1886    0.3766    0.3036    0.1904   0.02064   0.02426   0.04612
    51/499     14.4G   0.03506   0.01745   0.05079    0.1033        39      1024    0.1868    0.3586    0.3127    0.1619    0.0313   0.02624   0.04668
    52/499     14.4G   0.04165   0.01884   0.05125    0.1117        30      1024    0.2484    0.4153    0.3584     0.246    0.0206   0.02534   0.04717
    53/499     14.4G   0.03539   0.01786   0.04992    0.1032        23      1024    0.2244    0.3311     0.357    0.2309   0.02055   0.02408   0.04642
    54/499     14.4G   0.03606   0.01733   0.05087    0.1043        36      1024    0.1763    0.4149    0.3463    0.2172   0.02265   0.02424   0.04595
    55/499     14.4G   0.03351   0.01772   0.04985    0.1011        35      1024    0.2482    0.4766    0.3541    0.2617   0.01669   0.02245   0.04531
    56/499     14.4G   0.03023   0.01705   0.04705   0.09433        18      1024    0.2254    0.3307    0.3242    0.2053   0.02581   0.02465   0.04461
    57/499     14.4G    0.0344   0.01785   0.04967    0.1019        35      1024    0.2071    0.6838    0.3854    0.2074   0.02563   0.02452   0.04377
    58/499     14.4G   0.03635   0.01658   0.04758    0.1005        32      1024     0.268    0.5578    0.3925    0.2574   0.02659   0.02419   0.04401
    59/499     14.4G   0.03852   0.01593   0.04907    0.1035        23      1024    0.1984    0.5176    0.3329    0.1918   0.02565   0.02414   0.04336
    60/499     14.4G   0.03316   0.01658   0.04734   0.09708        29      1024    0.2551    0.6849     0.402    0.2631   0.02322    0.0237   0.04227
    61/499     14.4G   0.03244   0.01569   0.04602   0.09415        41      1024    0.3034    0.6885     0.395    0.2644   0.01908   0.02308   0.04185
    62/499     14.4G    0.0299   0.01547   0.04848   0.09384        22      1024    0.2076    0.7426    0.3759    0.2823     0.024   0.02373   0.04214
    63/499     14.4G   0.03598   0.01619   0.04512   0.09729        26      1024    0.1939    0.7296     0.418     0.141   0.03718   0.02702    0.0425
    64/499     14.4G   0.04708   0.01928   0.04702    0.1134        34      1024    0.2716    0.6527    0.4321     0.213   0.02536   0.02717   0.04335
    65/499     14.4G   0.04211    0.0183   0.04655     0.107        34      1024    0.1643    0.8274    0.3701    0.1823   0.02918   0.02545   0.04247
    66/499     14.4G   0.04002   0.01697   0.04339    0.1004        20      1024    0.2483    0.6923    0.3927    0.2799   0.02281   0.02413   0.04241
    67/499     14.4G     0.038   0.01938   0.04652    0.1039        40      1024    0.2013    0.7315     0.385     0.226   0.02544   0.02395   0.04397
    68/499     14.4G   0.03923   0.01656   0.04419   0.09998        32      1024    0.2754    0.7253    0.4435    0.2892   0.02309   0.02486   0.04219
    69/499     14.4G   0.04479   0.01748   0.04636    0.1086        35      1024    0.1728    0.7904    0.4048    0.2574   0.02888   0.02497   0.04132
    70/499     14.4G   0.04039   0.01669   0.04432    0.1014        31      1024    0.2738    0.7973    0.4815    0.3408   0.02341    0.0239   0.03994
    71/499     14.4G   0.03857   0.01668   0.04306   0.09831        30      1024    0.2299    0.8232    0.4595    0.2004   0.02942   0.02603   0.03978
    72/499     14.4G   0.04074   0.01723   0.04534    0.1033        32      1024    0.2471    0.7338    0.4611    0.2193   0.03093   0.02627   0.04099
    73/499     14.4G   0.04832   0.01865   0.04381    0.1108        36      1024    0.1909    0.7969    0.4981    0.3344   0.02781   0.02505   0.03871
    74/499     14.4G   0.03557   0.01804   0.04272   0.09633        33      1024    0.1426    0.7662     0.448    0.3113   0.02791   0.02501   0.04034
    75/499     14.4G   0.03868   0.01495   0.04046   0.09409        19      1024    0.2929    0.7808    0.5484      0.38   0.02023   0.02397   0.03939
    76/499     14.4G   0.03662   0.01668   0.04241   0.09571        38      1024    0.2114    0.8175    0.5472    0.3594   0.02626   0.02365   0.03923
    77/499     14.4G   0.04034   0.01739   0.04203   0.09975        36      1024     0.298    0.8877    0.5843    0.3973   0.02187   0.02313   0.03785
    78/499     14.4G   0.03749   0.01598   0.04214   0.09561        34      1024    0.2745    0.9201    0.5606     0.421   0.02622   0.02451   0.03815
    79/499     14.4G   0.04308     0.017   0.04221    0.1023        23      1024    0.2338    0.9226    0.5547    0.2851    0.0278   0.02492   0.03648
    80/499     14.4G   0.03897   0.01755   0.04257   0.09909        39      1024     0.287    0.9032    0.5225    0.3316   0.02424    0.0246   0.03865
    81/499     14.4G   0.03893   0.01721   0.04032   0.09646        28      1024    0.2624    0.9337    0.5201    0.3897   0.02428   0.02472   0.03713
    82/499     14.4G   0.03709   0.01633   0.04135   0.09477        27      1024    0.1917    0.9218    0.5011     0.341   0.02499   0.02458   0.03558
    83/499     14.4G     0.037    0.0157   0.04244   0.09514        22      1024    0.2932      0.96    0.5615    0.4208   0.02203   0.02349   0.03442
    84/499     14.4G   0.03713   0.01556   0.04024   0.09293        34      1024    0.2478    0.9464    0.5533    0.3468   0.02496   0.02486   0.03785
    85/499     14.4G   0.03836   0.01652   0.04193   0.09681        38      1024    0.2259    0.9498    0.5546    0.3481   0.02342   0.02471   0.03569
    86/499     14.4G   0.03956   0.01735   0.03889    0.0958        29      1024     0.244    0.9629    0.5984    0.4378   0.02139   0.02461   0.03623
    87/499     14.4G   0.03741    0.0156   0.03733   0.09035        23      1024    0.2385    0.9702    0.6547    0.4408    0.0199   0.02411   0.03364
    88/499     14.4G    0.0348   0.01498   0.03842   0.08819        23      1024    0.2689    0.9821    0.6281    0.4667   0.01877   0.02285   0.03559
    89/499     14.4G   0.03599   0.01614   0.03864   0.09077        36      1024    0.2863      0.96    0.6127    0.3685   0.02408   0.02401   0.03645
    90/499     14.4G   0.03382   0.01704   0.03677   0.08763        37      1024    0.1994      0.96     0.578    0.3805    0.0241   0.02459   0.03424
    91/499     14.4G   0.03514    0.0145   0.03802   0.08766        33      1024    0.2548    0.9719    0.6148    0.4273   0.02135   0.02333   0.03191
    92/499     14.4G   0.03589   0.01549    0.0356   0.08699        18      1024    0.2899    0.9702    0.6519    0.3547   0.02359   0.02389   0.03129
    93/499     14.4G    0.0346   0.01705   0.03621   0.08786        37      1024    0.2569    0.9702    0.6955    0.4719   0.02312   0.02362   0.03147
    94/499     14.4G   0.03293   0.01561   0.03633   0.08487        30      1024    0.2937    0.9821    0.7324    0.5334   0.01736    0.0218    0.0311
    95/499     14.4G   0.03865   0.01741   0.03439   0.09045        32      1024    0.2165    0.9821    0.6961    0.4241    0.0246   0.02389   0.03036
    96/499     14.4G   0.03552   0.01677   0.03589   0.08817        38      1024    0.2875    0.9842    0.7538    0.5629   0.02069   0.02397   0.02963
    97/499     14.4G   0.03269   0.01541   0.03536   0.08346        29      1024    0.3065    0.9821    0.6737    0.4969   0.01714    0.0223   0.03097
    98/499     14.4G   0.03405    0.0155   0.03419   0.08374        27      1024    0.2739    0.9702    0.7078    0.4862   0.02239   0.02347      0.03
    99/499     14.4G   0.03748   0.01449   0.03394    0.0859        29      1024    0.2699    0.9702    0.7562    0.5599   0.02076   0.02407   0.02981
   100/499     14.4G   0.03334   0.01569   0.03186   0.08089        25      1024    0.3185    0.9721     0.728    0.5388   0.01799   0.02392   0.03109
   101/499     14.4G   0.03019   0.01482   0.03601   0.08103        34      1024    0.2368    0.9821     0.682    0.4905   0.02521   0.02378   0.03508
   102/499     14.4G    0.0369   0.01729   0.03486   0.08906        41      1024    0.2689    0.9821    0.7302    0.5022   0.02236    0.0222   0.03006
   103/499     14.4G   0.03076   0.01439   0.03187   0.07702        24      1024    0.2639    0.9821    0.7635     0.514   0.01987   0.02195   0.02925
   104/499     14.4G   0.03833   0.01672   0.03377   0.08882        28      1024    0.1906    0.9702     0.708     0.458   0.03029   0.02548   0.02823
   105/499     14.4G   0.04974   0.01819   0.03289    0.1008        38      1024    0.2277    0.9702    0.6979    0.4504   0.03094   0.02536   0.02986
   106/499     14.4G   0.04093   0.01892   0.03423   0.09408        44      1024    0.3019    0.9541    0.7344    0.4734   0.02555   0.02714   0.02867
   107/499     14.4G   0.03434   0.01844    0.0339   0.08667        28      1024    0.3426    0.9702     0.764    0.4731   0.02373   0.02598   0.02979
   108/499     14.4G   0.03434   0.01595   0.03648   0.08677        21      1024    0.3081     0.932    0.6807     0.441    0.0227   0.02388   0.03031
   109/499     14.4G    0.0377   0.01781   0.03448      0.09        37      1024    0.2802     0.885    0.6809    0.4485   0.02437   0.02465   0.02986
   110/499     14.4G    0.0393   0.01842   0.03413   0.09185        31      1024    0.2485    0.9524     0.719    0.5559   0.02281   0.02382    0.0304
   111/499     14.4G   0.04082   0.01679   0.03486   0.09247        32      1024    0.2928    0.9702     0.749    0.4905   0.02653   0.02486   0.02853
   112/499     14.4G   0.03612   0.01782   0.03485   0.08879        34      1024    0.3267    0.9702    0.7722    0.5503   0.02202   0.02474   0.02806
   113/499     14.4G   0.03925   0.01705   0.03276   0.08905        33      1024    0.2847    0.9702     0.722     0.429   0.02391    0.0253   0.02824
   114/499     14.4G   0.03951   0.01722   0.03384   0.09057        32      1024    0.2389    0.9702    0.7169    0.4685   0.02313    0.0241   0.03047
   115/499     14.4G    0.0371   0.01569   0.03318   0.08597        35      1024    0.2608    0.9702     0.737    0.5196   0.02244     0.023   0.03308
   116/499     14.4G    0.0364   0.01732   0.03138   0.08511        23      1024    0.2015    0.9821    0.7361    0.4173   0.02552   0.02492   0.03076
   117/499     14.4G   0.03972   0.01744   0.03218   0.08934        28      1024    0.2465    0.9583    0.7377    0.4913   0.02345   0.02379   0.02932
   118/499     14.4G   0.03732   0.01625   0.03122   0.08479        30      1024    0.2703    0.9702     0.777    0.5321   0.02164   0.02359   0.02879
   119/499     14.4G   0.03528    0.0159   0.03327   0.08445        29      1024    0.2206    0.9583     0.791    0.5865   0.02481   0.02351   0.02782
   120/499     14.4G   0.03756   0.01656   0.03066   0.08479        22      1024    0.2125    0.9524    0.7529    0.4722   0.02655   0.02433   0.02807
   121/499     14.4G   0.03506   0.01612    0.0308   0.08198        38      1024     0.243    0.9524    0.7562    0.5509   0.02352    0.0238   0.02842
   122/499     14.4G    0.0355   0.01799   0.02911   0.08259        45      1024    0.2839    0.9702    0.7306    0.5093   0.02508   0.02363   0.02782
   123/499     14.4G   0.03457   0.01669   0.02938   0.08064        33      1024    0.2961    0.9702    0.7441    0.5758   0.02166    0.0225   0.02746
   124/499     14.4G   0.03367   0.01427   0.03024   0.07818        29      1024    0.2599    0.9702    0.7813    0.5829   0.02228   0.02285   0.02652
   125/499     14.4G    0.0341   0.01685   0.03196   0.08291        37      1024    0.2401    0.9702    0.7392    0.4707   0.02364   0.02383   0.02602
   126/499     14.4G   0.03286   0.01594   0.02947   0.07827        27      1024    0.3243     0.994     0.859    0.5871   0.01975   0.02336   0.02542
   127/499     14.4G   0.03016   0.01502   0.02771   0.07289        30      1024    0.3222    0.9821    0.8534    0.6409    0.0184   0.02283   0.02537
   128/499     14.4G   0.03177   0.01751   0.02711   0.07639        49      1024    0.2548    0.9821    0.8026    0.6264   0.02226   0.02315   0.02467
   129/499     14.4G    0.0363   0.01682   0.02994   0.08306        45      1024    0.2773    0.9702    0.7448    0.5465   0.02109   0.02187   0.02537
   130/499     14.4G   0.03387    0.0171   0.02715   0.07812        36      1024    0.3015    0.9702    0.7979    0.5981   0.02151   0.02176   0.02553
   131/499     14.4G   0.03597   0.01604   0.02632   0.07833        34      1024    0.3245    0.9762    0.7932    0.5393   0.02227   0.02351    0.0297
   132/499     14.4G   0.03806   0.01642   0.02445   0.07893        45      1024    0.2656    0.9762    0.7944    0.5892   0.02322   0.02407   0.02499
   133/499     14.4G   0.03392    0.0162   0.02731   0.07742        27      1024    0.3169    0.9702    0.8255    0.7051   0.01855   0.02286   0.02365
   134/499     14.4G   0.03098   0.01607   0.02474   0.07179        36      1024    0.3092    0.9702    0.8351    0.7091   0.01846   0.02256    0.0224
   135/499     14.4G   0.02861   0.01399   0.02478   0.06738        22      1024    0.3117    0.9702    0.8445    0.6907    0.0188   0.02215   0.02144
   136/499     14.4G   0.03009   0.01528   0.02546   0.07082        36      1024    0.3226    0.9877    0.8598    0.6489   0.01978   0.02262   0.02164
   137/499     14.4G   0.03102   0.01476   0.02433   0.07011        25      1024    0.3493     0.986    0.8703    0.6792    0.0182   0.02188   0.02157
   138/499     14.4G   0.02918   0.01419    0.0233   0.06667        34      1024     0.347    0.9821    0.8554    0.6914   0.01848   0.02299   0.02147
   139/499     14.4G   0.03073   0.01489    0.0225   0.06812        27      1024    0.3307    0.9821    0.8923    0.7215   0.02008   0.02221   0.02096
   140/499     14.4G   0.03197   0.01742    0.0226   0.07199        30      1024    0.3518    0.9821     0.868    0.6622   0.01922   0.02336   0.02274
   141/499     14.4G   0.03215   0.01625   0.02201    0.0704        32      1024     0.374    0.9821     0.866    0.6682     0.018    0.0222   0.02225
   142/499     14.4G   0.03023   0.01637   0.02213   0.06872        40      1024    0.3832    0.9821    0.8211    0.6589   0.01712   0.02209   0.02407
   143/499     14.4G   0.02852    0.0162   0.02236   0.06708        37      1024    0.3853    0.9821    0.8222    0.6422   0.01742   0.02165   0.02153
   144/499     14.4G   0.03219   0.01588   0.02312   0.07119        34      1024    0.3463    0.9702    0.7869    0.5952   0.01968   0.02232    0.0205
   145/499     14.4G   0.03059   0.01451   0.02271   0.06781        23      1024     0.344    0.9702    0.8365     0.646   0.02142   0.02337   0.01955
   146/499     14.4G   0.02853   0.01497   0.02015   0.06365        23      1024    0.3585    0.9821      0.88    0.7105   0.01783   0.02184   0.02055
   147/499     14.4G    0.0266   0.01463   0.02124   0.06247        35      1024    0.3811    0.9821    0.8841    0.7473   0.01727   0.02159   0.02051
   148/499     14.4G   0.02667   0.01293   0.02231   0.06191        33      1024    0.4004    0.9821    0.8939    0.7635   0.01699   0.02098   0.02109
   149/499     14.4G   0.02932   0.01454   0.01938   0.06324        31      1024    0.3551    0.9821    0.8852     0.751   0.01857   0.02215   0.01997
   150/499     14.4G   0.02827   0.01639   0.01836   0.06302        44      1024    0.3372    0.9702    0.8736    0.6775   0.01798   0.02085   0.02007
   151/499     14.4G   0.02742    0.0158   0.01945   0.06267        26      1024    0.3772    0.9821    0.9065    0.7541   0.01563    0.0209   0.01856
   152/499     14.4G    0.0241   0.01369   0.01886   0.05664        35      1024    0.3784    0.9821    0.9062    0.7482   0.01727   0.02143   0.01815
   153/499     14.4G   0.02582   0.01456   0.01768   0.05807        27      1024    0.3944    0.9821    0.9236    0.7868   0.01629   0.02149   0.01786
   154/499     14.4G   0.02676   0.01476   0.01708   0.05861        17      1024    0.4009    0.9821    0.9182    0.7205   0.01679    0.0216   0.01769
   155/499     14.4G   0.02683   0.01427   0.01749   0.05859        35      1024    0.4171    0.9806    0.9103    0.7455    0.0158   0.02215   0.01844
   156/499     14.4G   0.02719   0.01471   0.01777   0.05968        33      1024    0.4019    0.9744    0.8983    0.7682   0.01419   0.02183   0.02312
   157/499     14.4G   0.02791   0.01342   0.01851   0.05984        28      1024    0.3918    0.9821    0.8941    0.7606   0.01686   0.02183   0.01879
   158/499     14.4G   0.02984   0.01314   0.01693    0.0599        31      1024    0.3805    0.9821     0.872    0.7096   0.01822   0.02217    0.0169
   159/499     14.4G   0.03052   0.01488   0.01684   0.06224        29      1024    0.4008    0.9703    0.8762    0.7201   0.01605   0.02219   0.01642
   160/499     14.4G   0.02906   0.01538   0.01862   0.06306        40      1024     0.408     0.994    0.9064     0.733   0.01593   0.02261   0.01714
   161/499     14.4G   0.02686   0.01494   0.01727   0.05906        39      1024    0.4375    0.9799    0.9282    0.7289   0.01576   0.02339   0.01754
   162/499     14.4G   0.02658   0.01442   0.01688   0.05789        31      1024    0.4322    0.9583    0.9004    0.6998    0.0156   0.02211   0.01837
   163/499     14.4G   0.02722   0.01428   0.01662   0.05812        29      1024    0.4512    0.9762    0.9235    0.7696   0.01469   0.02157   0.01734
   164/499     14.4G   0.02694    0.0128   0.01761   0.05735        26      1024    0.4502    0.9929    0.9102    0.7557    0.0163   0.02205   0.01674
   165/499     14.4G   0.03071    0.0149   0.01821   0.06381        42      1024    0.4544    0.9464    0.8781    0.7273   0.01688   0.02208   0.02213
   166/499     14.4G   0.03164   0.01535   0.01827   0.06526        41      1024    0.4423    0.9481    0.8709    0.7061   0.01617   0.02268   0.02168
   167/499     14.4G    0.0312   0.01703   0.01536   0.06359        45      1024    0.4452    0.9821    0.8913     0.722   0.01587   0.02216   0.01909
   168/499     14.4G   0.02734   0.01559   0.01528   0.05821        35      1024     0.449     0.994    0.9171    0.7222   0.01597   0.02312   0.01694
   169/499     14.4G   0.02701   0.01412   0.01589   0.05703        21      1024    0.4595    0.9702    0.9046    0.7518   0.01884   0.02334   0.01702
   170/499     14.4G   0.02716   0.01412   0.01548   0.05676        35      1024    0.4348    0.9702    0.9103     0.753   0.01653   0.02213   0.01662
   171/499     14.4G   0.02589   0.01331    0.0158   0.05499        27      1024    0.4597    0.9746    0.9129    0.7792    0.0164   0.02236   0.01754
   172/499     14.4G   0.02761   0.01501   0.01381   0.05642        49      1024    0.4601    0.9821      0.93      0.74   0.01516   0.02151   0.01751
   173/499     14.4G   0.02768   0.01369   0.01649   0.05787        33      1024    0.4592     0.994    0.9281    0.7529   0.01497   0.02163   0.01604
   174/499     14.4G   0.02511   0.01464   0.02093   0.06068        41      1024    0.4511    0.8988    0.8341    0.6983    0.0145   0.02121   0.01947
   175/499     14.4G   0.02348   0.01359   0.02534   0.06241        31      1024    0.4533    0.9524    0.8548    0.7116   0.01508   0.02095   0.02079
   176/499     14.4G   0.02315   0.01373   0.02341   0.06028        34      1024    0.4535     0.875    0.8234    0.7141   0.01624    0.0218   0.02987
   177/499     14.4G    0.0236   0.01353   0.01965   0.05677        36      1024    0.4638    0.9531    0.8482    0.7399   0.01557   0.02116   0.02673
   178/499     14.4G   0.02454   0.01345   0.01808   0.05608        25      1024    0.4522     0.994    0.8858    0.7459   0.01526   0.02059   0.02251
   179/499     14.4G   0.02208   0.01331   0.01806   0.05345        17      1024    0.4538    0.9821    0.9071    0.7702   0.01432   0.01993   0.01883
   180/499     14.4G   0.02057   0.01343   0.01769    0.0517        23      1024    0.4545    0.9821    0.9351    0.7863   0.01385    0.0201   0.01612
   181/499     14.4G   0.02146   0.01294   0.01761     0.052        23      1024    0.4404    0.9702     0.919    0.7449   0.01342   0.02028   0.01627
   182/499     14.4G   0.02425   0.01404   0.01374   0.05203        43      1024    0.4558    0.9702      0.92    0.7757   0.01485    0.0205   0.01723
   183/499     14.4G   0.02745   0.01417   0.01617    0.0578        25      1024    0.4742    0.9701    0.9403    0.7725   0.01621   0.02125    0.0155
   184/499     14.4G   0.02613   0.01378   0.01662   0.05652        28      1024    0.4694    0.9654    0.9311    0.7837   0.01565   0.02104   0.01492
   185/499     14.4G   0.02403   0.01458   0.01428   0.05289        29      1024    0.4565    0.9702     0.917    0.7622   0.01619   0.02093   0.01548
   186/499     14.4G   0.02277   0.01385    0.0134   0.05002        39      1024    0.4489    0.9583    0.9066     0.788   0.01349   0.01994   0.01644
   187/499     14.4G     0.023   0.01392   0.01423   0.05115        43      1024    0.4505    0.9583    0.9257    0.7818   0.01543     0.021   0.01528
   188/499     14.4G   0.02306   0.01401   0.01274   0.04981        31      1024    0.4613    0.9583    0.9209    0.8011   0.01401   0.02085   0.01473
   189/499     14.4G    0.0236   0.01446   0.01236   0.05043        36      1024    0.4761    0.9641    0.9278    0.7613   0.01542   0.02171   0.01497
   190/499     14.4G     0.026    0.0142   0.01215   0.05235        26      1024    0.4915    0.9463    0.8847    0.7042   0.01626    0.0219   0.01742
   191/499     14.4G   0.02951   0.01435   0.01274   0.05661        37      1024    0.5019    0.9405    0.9132    0.7533   0.01558   0.02163   0.01547
   192/499     14.4G   0.02544   0.01401   0.01306   0.05251        38      1024    0.4727    0.9583    0.9173    0.8115   0.01371   0.02101   0.01437
   193/499     14.4G   0.02309   0.01331   0.01243   0.04883        34      1024    0.4731    0.9405    0.9141    0.7779   0.01529   0.02106   0.01465
   194/499     14.4G   0.02365   0.01539   0.01292   0.05196        39      1024    0.4727    0.9524    0.9128    0.7684   0.01535   0.02106   0.01491
   195/499     14.4G   0.02477   0.01432   0.01196   0.05105        35      1024    0.4889    0.9524    0.8998    0.7564   0.01524   0.02132    0.0142
   196/499     14.4G    0.0226   0.01341   0.01225   0.04826        35      1024    0.5258    0.9746    0.9325    0.7989    0.0143   0.02142   0.01343
   197/499     14.4G    0.0236   0.01282   0.01188   0.04831        40      1024    0.5189    0.9702    0.9326    0.8024   0.01314   0.02118   0.01682
   198/499     14.4G   0.02574   0.01302   0.01291   0.05167        30      1024    0.5369    0.9683    0.9224    0.7844   0.01401   0.02094   0.01271
   199/499     14.4G   0.02551     0.013    0.0139   0.05241        35      1024    0.5104    0.9405    0.9347    0.7792   0.01447    0.0211   0.01308
   200/499     14.4G   0.02646   0.01431   0.01188   0.05265        23      1024    0.5145    0.9456    0.9348    0.8169   0.01399   0.02054   0.01256
   201/499     14.4G   0.02603   0.01288    0.0106   0.04952        29      1024    0.5324    0.9583    0.9438    0.7719   0.01516   0.02151   0.01249
   202/499     14.4G   0.02419   0.01309   0.01092   0.04819        27      1024     0.529    0.9583    0.9394    0.7837   0.01371   0.02098   0.01328
   203/499     14.4G   0.02318   0.01306    0.0115   0.04774        21      1024     0.505    0.9583    0.9406    0.7826   0.01319   0.02085   0.01438
   204/499     14.4G   0.02005   0.01116   0.01055   0.04176        25      1024    0.5388    0.9702    0.9514    0.7978   0.01278   0.02039   0.01362
   205/499     14.4G   0.01902   0.01397  0.009509    0.0425        33      1024    0.5359    0.9805    0.9384    0.8235   0.01213   0.02031   0.01295
   206/499     14.4G   0.01936   0.01235   0.01074   0.04244        27      1024    0.5392    0.9821    0.9377    0.7981   0.01236   0.02091   0.01325
   207/499     14.4G   0.01877   0.01195   0.01146   0.04218        20      1024    0.5435    0.9702    0.9297    0.8179   0.01221   0.02133   0.01481
   208/499     14.4G   0.01836   0.01226   0.01048    0.0411        33      1024     0.547    0.9702    0.9214    0.8221   0.01194   0.02153   0.01576
   209/499     14.4G   0.01913   0.01312   0.01055    0.0428        39      1024    0.5167    0.9702    0.9081    0.7834   0.01433   0.02226   0.01551
   210/499     14.4G   0.02042   0.01345  0.008931    0.0428        33      1024    0.5574    0.9702    0.9259    0.8089   0.01347   0.02139   0.01481
   211/499     14.4G   0.02063   0.01135  0.009641   0.04162        33      1024    0.5771    0.9702    0.9418    0.8291   0.01333   0.02173   0.01356
   212/499     14.4G   0.02068   0.01235   0.00961   0.04264        36      1024    0.5874    0.9702    0.9437    0.8309   0.01371   0.02149   0.01128
   213/499     14.4G   0.02154   0.01319  0.009142   0.04387        32      1024    0.5748    0.9702    0.9346    0.8232   0.01323   0.02124   0.01072
   214/499     14.4G   0.02216   0.01174   0.01096   0.04485        34      1024    0.5752    0.9702    0.9426    0.8252   0.01403   0.02087   0.01079
   215/499     14.4G   0.02274   0.01193  0.009408   0.04408        42      1024    0.5908    0.9583     0.946    0.8096   0.01302   0.02013    0.0103
   216/499     14.4G   0.02343   0.01344  0.009251   0.04613        33      1024    0.6145    0.9619    0.9344    0.8093   0.01384   0.01996   0.01004
   217/499     14.4G    0.0248   0.01299   0.01073   0.04853        33      1024    0.6026    0.9583    0.9338    0.7703   0.01369   0.01988   0.01042
   218/499     14.4G   0.02213   0.01224  0.009854   0.04422        28      1024    0.5961    0.9583    0.9385    0.7753    0.0136   0.02001   0.01123
   219/499     14.4G   0.02033   0.01255   0.01167   0.04454        28      1024     0.628    0.9702    0.9654    0.8047   0.01255   0.01953   0.01123
   220/499     14.4G   0.01908   0.01285   0.00854   0.04047        34      1024    0.6266    0.9702    0.9683     0.787   0.01243   0.01958   0.01119
   221/499     14.4G   0.01983   0.01192  0.009411   0.04116        27      1024    0.6395    0.9821    0.9645     0.806   0.01306   0.01973   0.01078
   222/499     14.4G   0.02076   0.01162   0.01228   0.04466        32      1024    0.6274    0.9821    0.9304    0.8212   0.01197   0.01977   0.01102
   223/499     14.4G   0.02069   0.01182   0.01043   0.04294        38      1024    0.6336    0.9702    0.9542    0.7943   0.01113   0.01985   0.01117
   224/499     14.4G    0.0208   0.01367   0.01037   0.04485        44      1024    0.6353    0.9647    0.9425    0.8045   0.01299   0.02086   0.01216
   225/499     14.4G   0.02253   0.01312   0.00864   0.04429        37      1024    0.6269    0.9464     0.951    0.8003   0.01192   0.02022   0.01195
   226/499     14.4G   0.02208   0.01425  0.009157   0.04549        46      1024    0.6302    0.9464    0.9427    0.7987   0.01347   0.02032   0.01258
   227/499     14.4G   0.02206   0.01275   0.01181   0.04663        44      1024    0.6471    0.9464    0.9239    0.8159   0.01156   0.02033    0.0135
   228/499     14.4G   0.01832   0.01214   0.01019   0.04065        28      1024    0.6367    0.9702    0.9504    0.8556   0.01097   0.01955   0.01144
   229/499     14.4G   0.01791   0.01071  0.009523   0.03815        25      1024    0.6252    0.9821    0.9633    0.8432   0.01124   0.01936   0.01093
   230/499     14.4G   0.01708   0.01242  0.009225   0.03872        21      1024    0.6317    0.9821    0.9731     0.832   0.01203   0.01954   0.01079
   231/499     14.4G   0.01941   0.01192  0.009254   0.04059        31      1024    0.6543    0.9812     0.966    0.8054   0.01324   0.01986   0.01141
   232/499     14.4G   0.01938   0.01155  0.009299   0.04023        30      1024    0.6368    0.9814    0.9693    0.8218   0.01232   0.02001   0.01141
   233/499     14.4G   0.01661   0.01215   0.01046   0.03922        43      1024     0.646    0.9767    0.9695    0.8691   0.01166   0.01968    0.0111
   234/499     14.4G   0.01746   0.01152   0.01166   0.04063        27      1024    0.6438     0.979    0.9637    0.8486     0.011   0.01908   0.01098
   235/499     14.4G   0.01806   0.01155  0.008068   0.03768        30      1024    0.6317    0.9821    0.9625    0.8602   0.01247    0.0193   0.01054
   236/499     14.4G   0.01762  0.009834  0.007837   0.03529        17      1024    0.6273    0.9821    0.9666    0.8628   0.01171   0.01914   0.01025
   237/499     14.4G    0.0184   0.01186  0.009377   0.03963        40      1024    0.6206    0.9702    0.9643    0.8544    0.0116   0.01934   0.01058
   238/499     14.4G   0.01816   0.01246  0.008233   0.03885        38      1024    0.6293    0.9702    0.9629    0.8446   0.01136   0.01908   0.01129
   239/499     14.4G   0.01882   0.01183  0.009729   0.04038        36      1024    0.6156    0.9702    0.9672    0.8451   0.01168   0.02035   0.01116
   240/499     14.4G   0.01969   0.01086  0.007403   0.03796        27      1024    0.6315    0.9702    0.9237    0.8002   0.01109   0.01968   0.01649
   241/499     14.4G   0.02114   0.01162  0.008104   0.04087        34      1024    0.6354    0.9702     0.931    0.8238   0.01197   0.02006   0.01663
   242/499     14.4G   0.02108   0.01306  0.008817   0.04296        34      1024    0.6359    0.9821    0.9402     0.826   0.01204   0.02018     0.016
   243/499     14.4G   0.01959   0.01277  0.008593   0.04095        41      1024    0.6493    0.9821    0.9451     0.821   0.01214    0.0201   0.01209
   244/499     14.4G   0.01784   0.01291  0.007855   0.03861        32      1024    0.6657    0.9821    0.9469    0.8445   0.01176   0.01985   0.01101
   245/499     14.4G   0.01859   0.01223  0.009162   0.03998        37      1024    0.6618    0.9813    0.9432    0.8279   0.01303   0.01995   0.01114
   246/499     14.4G   0.01707   0.01093  0.008743   0.03674        27      1024     0.688     0.992    0.9461    0.8201   0.01193   0.01936   0.01229
   247/499     14.4G   0.01749   0.01205  0.007758    0.0373        27      1024    0.6725    0.9815    0.9432    0.8037   0.01252   0.01951   0.01467
   248/499     14.4G   0.01837   0.01093  0.008926   0.03822        26      1024    0.6626    0.9821    0.9356    0.8258   0.01073   0.01898   0.01417
   249/499     14.4G   0.01835   0.01175   0.01012   0.04022        37      1024    0.6375    0.9821    0.9347    0.7875   0.01117   0.01902   0.01604
   250/499     14.4G   0.01766   0.01128  0.007739   0.03668        34      1024    0.6307    0.9821    0.9358    0.8015   0.01168   0.01872    0.0201
   251/499     14.4G   0.01951   0.01322  0.008966    0.0417        30      1024    0.6366    0.9821    0.9674    0.8359   0.01245   0.01837   0.02192
   252/499     14.4G   0.02151   0.01242  0.008201   0.04214        28      1024    0.6394    0.9821    0.9606    0.8292   0.01265   0.01818   0.02081
   253/499     14.4G   0.01922   0.01234  0.008079   0.03964        33      1024    0.6546    0.9821    0.9556    0.8333   0.01133   0.01805   0.01829
   254/499     14.4G   0.01934   0.01278  0.008135   0.04026        34      1024    0.6585    0.9808    0.9554    0.8225    0.0115   0.01795   0.01483
   255/499     14.4G   0.02109   0.01214  0.008513   0.04174        39      1024    0.6671    0.9821    0.9752    0.8569   0.01205   0.01819  0.009722
   256/499     14.4G   0.02144   0.01267  0.008031   0.04214        47      1024    0.6661    0.9821    0.9643    0.8409   0.01254   0.01845   0.01021
   257/499     14.4G   0.01972   0.01211  0.008521   0.04035        35      1024    0.6582    0.9821    0.9671     0.848    0.0116   0.01815   0.01107
   258/499     14.4G   0.02012   0.01221  0.007823   0.04015        34      1024    0.6477    0.9821    0.9737    0.8534    0.0118   0.01843   0.01068
   259/499     14.4G   0.01849   0.01224  0.008166   0.03889        36      1024    0.6538    0.9821    0.9754    0.8374   0.01151   0.01838   0.01024
   260/499     14.4G   0.01729   0.01123  0.007411   0.03594        34      1024    0.6511    0.9821    0.9717    0.8739   0.01118    0.0185   0.01037
   261/499     14.4G   0.01942   0.01167  0.007462   0.03855        27      1024    0.6843    0.9821    0.9455    0.8313   0.01142    0.0187   0.01158
   262/499     14.4G   0.02193   0.01247  0.008705    0.0431        36      1024     0.685    0.9657     0.944    0.8202   0.01226   0.01947   0.01304
   263/499     14.4G   0.02066   0.01171  0.007104   0.03947        38      1024    0.6833    0.9592    0.9452    0.8324   0.01112   0.01996   0.01455
   264/499     14.4G   0.02116    0.0126  0.008784   0.04254        32      1024     0.696    0.9697    0.9473    0.8056   0.01123   0.02015   0.01332
   265/499     14.4G   0.01784   0.01238  0.008469   0.03869        37      1024    0.6937      0.97    0.9539    0.8431   0.01111   0.02016   0.01418
   266/499     14.4G   0.01703    0.0115  0.008535   0.03707        33      1024    0.6945    0.9701    0.9527    0.8539   0.01141   0.01939   0.01253
   267/499     14.4G   0.01639   0.01174   0.00853   0.03666        36      1024    0.6862    0.9817    0.9776    0.8634   0.01075   0.01896   0.00918
   268/499     14.4G   0.01547   0.01119  0.007055   0.03371        43      1024    0.6608    0.9821    0.9778    0.8624   0.01014   0.01904  0.008909
   269/499     14.4G   0.01668   0.01129   0.00798   0.03595        26      1024    0.6608    0.9798    0.9718    0.8584  0.009731    0.0192  0.009415
   270/499     14.4G   0.02041   0.01299  0.007919   0.04131        36      1024    0.6878    0.9819    0.9779    0.8669   0.01138   0.01972   0.00906
   271/499     14.4G   0.01988   0.01193  0.006409   0.03822        38      1024     0.728     0.982    0.9708    0.8395    0.0115   0.01979  0.009161
   272/499     14.4G   0.01825   0.01232  0.009287   0.03986        32      1024    0.7184    0.9583    0.9428    0.8261   0.01056   0.01942  0.009598
   273/499     14.4G   0.01726   0.01093  0.006959   0.03514        32      1024    0.7004    0.9583    0.9448    0.8445   0.01058   0.01911  0.009463
   274/499     14.4G   0.01666   0.01001  0.006599   0.03327        32      1024    0.6922    0.9706    0.9477    0.8496    0.0103   0.01887  0.009474
   275/499     14.4G   0.01697   0.01058   0.00792   0.03547        32      1024    0.6935    0.9768    0.9478    0.8471  0.009982   0.01859  0.009841
   276/499     14.4G   0.01619   0.01089   0.00664   0.03373        39      1024    0.6881    0.9583    0.9485     0.859   0.01009   0.01814  0.009776
   277/499     14.4G   0.01627   0.01143  0.006841   0.03455        29      1024     0.686    0.9583    0.9558    0.8622   0.01074   0.01826  0.009607
   278/499     14.4G   0.01691   0.01199  0.007327   0.03622        38      1024    0.6943    0.9583    0.9579    0.8588   0.01108   0.01885  0.009352
   279/499     14.4G   0.01678   0.01098  0.007144    0.0349        42      1024    0.6931    0.9561    0.9555    0.8606  0.009875   0.01936  0.009696
   280/499     14.4G   0.01576   0.01103  0.007147   0.03394        36      1024    0.6878    0.9464    0.9555    0.8652   0.01007   0.01954  0.009303
   281/499     14.4G   0.01574   0.01072  0.007407   0.03387        23      1024    0.7189    0.9702    0.9769    0.8673   0.01014   0.01953  0.009101
   282/499     14.4G   0.01534   0.01053  0.006665   0.03254        36      1024    0.7154    0.9702    0.9757    0.8775  0.009368   0.01932  0.009617
   283/499     14.4G   0.01674   0.01048  0.008031   0.03526        26      1024    0.7104    0.9821    0.9773    0.8674  0.009801   0.01936  0.008412
   284/499     14.4G   0.01726   0.01203  0.007074   0.03636        40      1024    0.7024    0.9821    0.9789    0.8906  0.009414   0.01892  0.008165
   285/499     14.4G   0.01616   0.01053  0.007679   0.03437        40      1024    0.7237    0.9808     0.959    0.8707  0.009797   0.01902  0.008632
   286/499     14.4G   0.01554   0.01064  0.006736   0.03291        43      1024    0.6935    0.9512    0.9482    0.8708  0.009084    0.0184    0.0094
   287/499     14.4G   0.01611   0.01048  0.008374   0.03495        36      1024    0.6975    0.9595     0.945      0.86   0.01023   0.01874  0.009388
   288/499     14.4G   0.01663   0.01034  0.007416   0.03439        29      1024    0.6988    0.9567    0.9477    0.8559    0.0103   0.01911  0.008787
   289/499     14.4G   0.01823   0.01055  0.008222   0.03701        35      1024    0.7104    0.9716    0.9524    0.8424   0.01053   0.01923  0.009281
   290/499     14.4G   0.01701   0.01024  0.007361   0.03461        23      1024    0.7011    0.9813    0.9524    0.8396   0.01089   0.01942  0.009466
   291/499     14.4G   0.01754   0.01078  0.009006   0.03732        41      1024    0.6781    0.9464    0.9432    0.8357   0.01089   0.01945  0.009253
   292/499     14.4G   0.01809   0.01187  0.008286   0.03825        31      1024    0.6535    0.9464    0.9468    0.8599   0.01058   0.01932  0.009051
   293/499     14.4G   0.01625  0.009553   0.00694   0.03274        15      1024     0.648    0.9464    0.9413    0.8514   0.01006   0.01928  0.009318
   294/499     14.4G   0.01708   0.01123  0.006964   0.03528        37      1024    0.6689    0.9495      0.94    0.8506   0.01036   0.01974  0.009488
   295/499     14.4G   0.01807   0.01298  0.006667   0.03772        24      1024    0.6858    0.9422    0.9436    0.8398   0.01079   0.01969   0.00953
   296/499     14.4G   0.01684  0.009801  0.005922   0.03256        31      1024    0.6972    0.9226    0.9349    0.8319  0.009966   0.01936  0.009517
   297/499     14.4G   0.01502   0.01033  0.007671   0.03302        27      1024    0.7035    0.9583    0.9562    0.8657  0.009604    0.0192  0.009554
   298/499     14.4G   0.01449   0.01077  0.006923   0.03219        44      1024    0.6742    0.9583     0.954    0.8777  0.009609   0.01892   0.01025
   299/499     14.4G   0.01517   0.01059  0.006819   0.03258        22      1024    0.6889    0.9708    0.9559     0.842  0.009995   0.01877  0.009801
   300/499     14.4G   0.01784   0.01085  0.006976   0.03567        41      1024    0.6761    0.9583    0.9574    0.8604   0.01021   0.01788  0.009587
   301/499     14.4G   0.01871     0.011  0.006832   0.03654        27      1024    0.7052    0.9575    0.9529    0.8681  0.009752   0.01762  0.009816
   302/499     14.4G   0.01703   0.01102  0.006114   0.03416        41      1024    0.7082    0.9573    0.9556    0.8335   0.01061   0.01804  0.009974
   303/499     14.4G   0.01622  0.009728  0.006243    0.0322        25      1024    0.7338    0.9676    0.9574    0.8518  0.009464   0.01766    0.0101
   304/499     14.4G   0.01611   0.01088  0.007208    0.0342        28      1024    0.7196    0.9516    0.9476    0.8443   0.01029   0.01847  0.009664
   305/499     14.4G   0.01689   0.01188  0.006492   0.03526        40      1024    0.7308    0.9595    0.9466    0.8322  0.009975   0.01858  0.009279
   306/499     14.4G   0.01776   0.01261  0.006728    0.0371        43      1024    0.7315    0.9638    0.9467    0.8343   0.01075   0.01918   0.00879
   307/499     14.4G   0.01723   0.01114  0.007211   0.03557        33      1024    0.7339    0.9642     0.949    0.8324   0.01123    0.0201  0.008703
   308/499     14.4G   0.01601   0.01112  0.007389   0.03452        28      1024    0.7301    0.9643    0.9499    0.8582    0.0104   0.01978   0.00894
   309/499     14.4G   0.01456  0.009787  0.007059   0.03141        18      1024    0.7314    0.9821    0.9589    0.8604   0.01007   0.01982  0.008627
   310/499     14.4G   0.01567    0.0116  0.007035   0.03431        31      1024    0.7355    0.9821    0.9649    0.8509   0.01085   0.02025  0.008509
   311/499     14.4G   0.01717   0.01125  0.007206   0.03562        34      1024    0.7102    0.9821    0.9671    0.8492   0.01136   0.02038  0.008469
   312/499     14.4G   0.01719   0.01089  0.007317   0.03539        29      1024    0.7289    0.9821    0.9658     0.856   0.01068   0.02025  0.008716
   313/499     14.4G   0.01632   0.01042  0.006935   0.03368        31      1024    0.7575    0.9819    0.9671    0.8561   0.01089   0.01998  0.008696
   314/499     14.4G   0.01686   0.01168    0.0081   0.03664        38      1024    0.7339    0.9583     0.961    0.8592   0.01083   0.01987  0.008996
   315/499     14.4G   0.01644   0.01004  0.006955   0.03343        26      1024    0.7296    0.9583    0.9566     0.854   0.01018   0.01936  0.009847
   316/499     14.4G    0.0158   0.01055  0.006487   0.03284        38      1024    0.7106    0.9583    0.9541    0.8465   0.01009   0.01937   0.01061
   317/499     14.4G   0.01544    0.0112  0.005458   0.03209        24      1024    0.7284    0.9805    0.9679    0.8733  0.009479   0.01881    0.0114
   318/499     14.4G   0.01406    0.0103  0.005956   0.03032        34      1024    0.7335    0.9668    0.9564    0.8613   0.01018   0.01943   0.01212
   319/499     14.4G   0.01452  0.009554  0.006825    0.0309        37      1024    0.7736    0.9825     0.968    0.8666  0.009229   0.01928   0.01109
   320/499     14.4G   0.01465   0.01038  0.006617   0.03164        25      1024    0.7737    0.9821    0.9605    0.8721  0.009865   0.02001   0.01013
   321/499     14.4G   0.01583   0.01022  0.005592   0.03165        28      1024     0.757    0.9815    0.9524    0.8445   0.01008   0.02017   0.00981
   322/499     14.4G   0.01635   0.01163  0.006011   0.03399        42      1024    0.7523    0.9821    0.9673    0.8619   0.01027   0.02029  0.009926
   323/499     14.4G   0.01574  0.009736  0.005961   0.03143        28      1024    0.7458    0.9702    0.9521    0.8433   0.01022   0.02037   0.00972
   324/499     14.4G    0.0169   0.01162  0.007532   0.03604        24      1024    0.7481    0.9702    0.9535    0.8624   0.01074   0.02051  0.009415
   325/499     14.4G   0.01584   0.01052  0.007038    0.0334        22      1024    0.7429    0.9698    0.9583    0.8434   0.01025   0.01995  0.009346
   326/499     14.4G   0.01614    0.0105  0.006435   0.03307        36      1024       0.7    0.9463     0.947    0.8537   0.01005   0.01954   0.01033
   327/499     14.4G   0.01645  0.009851   0.00669   0.03299        40      1024    0.6938    0.9456     0.938    0.8472  0.009289   0.01893   0.01221
   328/499     14.4G   0.01625   0.00903  0.007218    0.0325        19      1024    0.6996    0.9454    0.9382     0.839  0.009443   0.01892   0.01359
   329/499     14.4G    0.0145   0.01062  0.005574   0.03069        35      1024    0.7114    0.9684    0.9462    0.8574  0.008705   0.01839   0.01344
   330/499     14.4G   0.01454   0.01108  0.006281   0.03191        31      1024    0.7107    0.9694     0.946    0.8506  0.009495   0.01859   0.01272
   331/499     14.4G    0.0159   0.01049  0.006787   0.03317        29      1024    0.7118    0.9696    0.9452    0.8443   0.01022   0.01851    0.0114
   332/499     14.4G    0.0164    0.0104  0.006357   0.03316        35      1024    0.7297    0.9701     0.938     0.839   0.01028    0.0188   0.01086
   333/499     14.4G   0.01485   0.01035  0.006556   0.03176        39      1024    0.7596    0.9649    0.9283    0.8456  0.009368   0.01861   0.01073
   334/499     14.4G   0.01359    0.0108  0.006015    0.0304        34      1024    0.7343    0.9559    0.9343    0.8572  0.008551   0.01843   0.01089
   335/499     14.4G    0.0131   0.01018  0.006295   0.02958        29      1024    0.7239    0.9592    0.9426    0.8733  0.008236   0.01845   0.01019
   336/499     14.4G   0.01308   0.01059  0.006174   0.02984        36      1024    0.7167    0.9702    0.9437    0.8802  0.008563   0.01868   0.01034
   337/499     14.4G   0.01419  0.009162  0.005508   0.02886        38      1024     0.714    0.9702    0.9495    0.8615  0.009351   0.01908    0.0101
   338/499     14.4G   0.01472  0.009331  0.006809   0.03086        35      1024    0.7213    0.9702    0.9448    0.8744  0.008954   0.01861  0.009208
   339/499     14.4G   0.01479   0.01015  0.006165    0.0311        35      1024    0.7342    0.9821     0.956    0.8724  0.009165   0.01814  0.009194
   340/499     14.4G   0.01475   0.01053  0.007748   0.03303        32      1024     0.715    0.9702    0.9563    0.8769  0.009304   0.01812  0.008899
   341/499     14.4G   0.01401   0.01013  0.006167    0.0303        33      1024     0.721    0.9812     0.957    0.8702  0.008765   0.01804  0.009073
   342/499     14.4G   0.01304  0.009559  0.007447   0.03005        35      1024    0.7273    0.9809     0.957    0.8775  0.009191   0.01834  0.009198
   343/499     14.4G   0.01335  0.009833  0.005542   0.02872        36      1024    0.7257    0.9783    0.9583    0.8789  0.009275   0.01821  0.009214
   344/499     14.4G   0.01395  0.009491  0.006399   0.02984        39      1024    0.7244    0.9495    0.9546    0.8595  0.009847   0.01827  0.009608
   345/499     14.4G   0.01366  0.009584  0.005423   0.02867        35      1024    0.7284    0.9392    0.9459    0.8691  0.009258   0.01821  0.009921
   346/499     14.4G     0.013    0.0097  0.006359   0.02906        34      1024    0.7196    0.9226     0.941    0.8559  0.009433   0.01865   0.01038
   347/499     14.4G    0.0126   0.01005  0.004639   0.02729        32      1024    0.7412    0.9436    0.9469    0.8726  0.008844   0.01849  0.009694
   348/499     14.4G   0.01238  0.009341  0.004972   0.02669        21      1024      0.77    0.9578    0.9532    0.8668   0.00893   0.01901  0.009544
   349/499     14.4G   0.01286  0.009994  0.006395   0.02925        38      1024     0.773    0.9579    0.9532     0.873  0.008694   0.01859  0.009804
   350/499     14.4G    0.0133   0.01023  0.005511   0.02904        29      1024    0.7691    0.9578    0.9499    0.8721  0.008727    0.0181   0.01007
   351/499     14.4G   0.01413   0.01012  0.006194   0.03044        34      1024    0.7668    0.9578    0.9511    0.8649  0.009065   0.01778   0.01058
   352/499     14.4G   0.01499   0.01008  0.005951   0.03102        32      1024    0.7479    0.9464    0.9411    0.8616  0.009473   0.01788   0.01051
   353/499     14.4G   0.01552   0.01007  0.005963   0.03155        28      1024    0.7415    0.9464    0.9438    0.8637  0.009372   0.01789   0.01051
   354/499     14.4G   0.01453  0.009356  0.005534   0.02942        21      1024     0.737    0.9464    0.9444    0.8535  0.009164   0.01823   0.01032
   355/499     14.4G   0.01366   0.00963  0.005795   0.02909        37      1024    0.7405    0.9583    0.9537    0.8725  0.008752   0.01829   0.01029
   356/499     14.4G     0.014   0.01083  0.006321   0.03115        33      1024    0.7361    0.9583    0.9534    0.8765  0.009133   0.01893   0.01019
   357/499     14.4G   0.01357  0.009467  0.005301   0.02834        30      1024    0.7332    0.9583    0.9534    0.8759  0.008724   0.01904   0.01001
   358/499     14.4G   0.01341  0.009311  0.006622   0.02935        28      1024    0.7325    0.9583     0.955    0.8791  0.008848   0.01939  0.009668
   359/499     14.4G    0.0126   0.00951  0.005757   0.02787        35      1024    0.7357    0.9583     0.955    0.8787  0.008216    0.0188  0.009788
   360/499     14.4G     0.013  0.009793  0.005323   0.02811        37      1024     0.747    0.9583    0.9527    0.8695  0.008394   0.01864   0.01008
   361/499     14.4G   0.01226  0.009122   0.00622    0.0276        24      1024    0.7379    0.9583    0.9548    0.8753  0.008952   0.01921   0.01053
   362/499     14.4G   0.01287   0.01086  0.004831   0.02856        36      1024    0.7373    0.9583    0.9534    0.8854   0.00913   0.01952   0.01043
   363/499     14.4G    0.0126  0.009275  0.005835   0.02771        24      1024     0.749    0.9583    0.9626    0.8807  0.009054   0.01964   0.00862
   364/499     14.4G   0.01234  0.009811  0.005839   0.02799        31      1024    0.7507    0.9583    0.9606    0.8921  0.008763   0.01951   0.00795
   365/499     14.4G   0.01306  0.009788  0.004973   0.02782        37      1024    0.7426    0.9583    0.9606    0.8821    0.0087    0.0194  0.007795
   366/499     14.4G   0.01288   0.01056  0.005254   0.02869        44      1024    0.7359    0.9583    0.9577    0.8847  0.008695   0.01946  0.007894
   367/499     14.4G   0.01296  0.008515  0.005478   0.02696        21      1024    0.7398    0.9583    0.9577    0.8771  0.009337   0.01972  0.008046
   368/499     14.4G    0.0141  0.009339  0.005336   0.02878        43      1024    0.7495    0.9583    0.9537    0.8769   0.00908   0.01924  0.008273
   369/499     14.4G   0.01414  0.009713  0.005853    0.0297        46      1024    0.7525    0.9583    0.9554    0.8822  0.009202   0.01929  0.008329
   370/499     14.4G   0.01395  0.009452  0.005559   0.02896        30      1024    0.7702    0.9788    0.9554    0.8639  0.008686   0.01914  0.008277
   371/499     14.4G   0.01338  0.009659  0.006696   0.02973        37      1024    0.7604    0.9812     0.959    0.8881  0.008474    0.0192  0.008058
   372/499     14.4G   0.01335  0.009616  0.005787   0.02875        34      1024    0.7583     0.982     0.961    0.8855  0.008966   0.01955  0.007879
   373/499     14.4G   0.01437  0.009123  0.005757   0.02925        34      1024    0.7536    0.9806     0.961      0.89  0.008309   0.01957  0.007922
   374/499     14.4G   0.01438   0.01044  0.004918   0.02974        39      1024     0.745    0.9464    0.9553    0.8818  0.008469   0.01977  0.008379
   375/499     14.4G   0.01278  0.009907  0.005491   0.02818        37      1024    0.7481    0.9464    0.9485    0.8706  0.008482   0.01947   0.00938
   376/499     14.4G    0.0122   0.01073  0.004663   0.02759        43      1024    0.7411    0.9464    0.9413    0.8636  0.008705   0.01915   0.01177
   377/499     14.4G   0.01241  0.008919  0.006774    0.0281        36      1024    0.7435    0.9464    0.9413     0.871  0.008708    0.0187   0.01207
   378/499     14.4G   0.01388  0.008824  0.007543   0.03025        30      1024    0.7333    0.9464    0.9436    0.8644  0.008999   0.01839   0.01059
   379/499     14.4G   0.01358   0.00921  0.005878   0.02866        30      1024    0.7247    0.9456    0.9417    0.8757   0.00874   0.01785  0.009286
   380/499     14.4G   0.01309  0.009787  0.006237   0.02911        44      1024    0.7285    0.9583    0.9558     0.893  0.008448   0.01751  0.008752
   381/499     14.4G   0.01305  0.008984  0.004997   0.02703        30      1024    0.7298    0.9821    0.9594    0.8936    0.0079    0.0172    0.0084
   382/499     14.4G   0.01351  0.009251  0.005634   0.02839        44      1024    0.7253    0.9821    0.9664    0.9016  0.008322   0.01753  0.008255
   383/499     14.4G   0.01401  0.008613  0.006037   0.02866        27      1024    0.7507    0.9817    0.9635    0.8961  0.008649   0.01786  0.008349
   384/499     14.4G   0.01324  0.009491  0.005588   0.02832        31      1024    0.7627    0.9732    0.9623    0.8936  0.007966   0.01759  0.008459
   385/499     14.4G   0.01193  0.009702  0.006247   0.02788        34      1024    0.7682    0.9692     0.961    0.8892  0.008705   0.01804   0.00875
   386/499     14.4G   0.01173  0.008868  0.005758   0.02635        32      1024    0.7703    0.9658     0.961    0.8928  0.007987   0.01768  0.008983
   387/499     14.4G   0.01227  0.009322  0.006135   0.02773        28      1024    0.7548    0.9589    0.9611    0.8905   0.00843    0.0182  0.009093
   388/499     14.4G   0.01279  0.009545   0.00622   0.02856        29      1024    0.7396    0.9583     0.961    0.8975  0.008516   0.01836  0.009012
   389/499     14.4G   0.01169  0.009197  0.005332   0.02622        37      1024     0.745    0.9591     0.961    0.8766   0.00866   0.01853  0.008907
   390/499     14.4G   0.01186  0.009078  0.005575   0.02651        29      1024    0.7403    0.9583    0.9559    0.8834   0.00868   0.01848  0.008575
   391/499     14.4G   0.01187  0.009203  0.005599   0.02668        31      1024    0.7456    0.9745    0.9575    0.8787  0.007872   0.01815  0.008349
   392/499     14.4G   0.01157  0.009117  0.004724   0.02541        30      1024    0.7432    0.9817    0.9598    0.8854  0.008416   0.01862  0.008158
   393/499     14.4G   0.01227  0.009337  0.006758   0.02837        25      1024    0.7443    0.9816    0.9742    0.8966  0.008353   0.01865  0.008177
   394/499     14.4G   0.01199   0.00982   0.00611   0.02792        46      1024    0.7423    0.9816    0.9718     0.903   0.00876    0.0189  0.008281
   395/499     14.4G   0.01142  0.009575  0.005575   0.02657        35      1024    0.7567      0.98    0.9604    0.8837  0.008181   0.01879   0.00883
   396/499     14.4G    0.0115  0.009181  0.004512   0.02519        26      1024    0.7392    0.9464    0.9553    0.8846   0.00811   0.01874  0.009578
   397/499     14.4G   0.01255  0.009486  0.007054   0.02909        40      1024    0.7495    0.9464    0.9517    0.8823  0.008396   0.01876      0.01
   398/499     14.4G   0.01229  0.009654  0.004533   0.02648        42      1024    0.7415    0.9464    0.9484    0.8738  0.008207    0.0186   0.01005
   399/499     14.4G   0.01196  0.008251  0.005441   0.02565        27      1024    0.7349    0.9464    0.9484    0.8857  0.007805   0.01809  0.009862
   400/499     14.4G   0.01195  0.009726  0.005581   0.02726        32      1024    0.7277    0.9464    0.9553     0.881  0.007884   0.01823  0.009553
   401/499     14.4G   0.01131  0.008667  0.005734   0.02572        29      1024     0.716    0.9464    0.9521    0.8798  0.007927   0.01815  0.009459
   402/499     14.4G    0.0108  0.008383  0.006079   0.02526        42      1024    0.7335    0.9573     0.955    0.8942  0.007823    0.0179  0.009446
   403/499     14.4G   0.01155  0.008541  0.005074   0.02516        30      1024    0.7457    0.9574    0.9578    0.8857  0.007957    0.0179  0.009603
   404/499     14.4G   0.01312  0.008998  0.005122   0.02724        44      1024    0.7626    0.9577    0.9613    0.8937   0.00802   0.01792  0.009756
   405/499     14.4G   0.01258  0.009666   0.00465    0.0269        32      1024     0.781    0.9583    0.9613    0.8852  0.007744   0.01787  0.009762
   406/499     14.4G   0.01173  0.008788  0.005137   0.02565        32      1024    0.7735    0.9583    0.9613     0.883  0.008175   0.01827  0.009668
   407/499     14.4G   0.01095  0.008641  0.004382   0.02398        21      1024    0.7658    0.9583    0.9616     0.891  0.007314   0.01756  0.009518
   408/499     14.4G   0.01081  0.008322  0.005288   0.02442        34      1024    0.7771    0.9813    0.9672    0.8952  0.007597   0.01769  0.009299
   409/499     14.4G   0.01154  0.008691  0.005538   0.02577        26      1024    0.7597    0.9821    0.9668    0.8948  0.007295   0.01751  0.008987
   410/499     14.4G   0.01178  0.007658   0.00431   0.02375        21      1024    0.7521    0.9821    0.9664    0.8975  0.008266   0.01801  0.008653
   411/499     14.4G   0.01245  0.008765  0.005034   0.02625        28      1024    0.7564    0.9821    0.9754    0.9035  0.007853    0.0176  0.008385
   412/499     14.4G   0.01167  0.008631  0.004706   0.02501        35      1024    0.7467    0.9821    0.9758     0.904  0.008108   0.01789  0.008067
   413/499     14.4G   0.01141  0.009254  0.005376   0.02604        27      1024     0.742    0.9821    0.9749    0.9053  0.007712   0.01763  0.008034
   414/499     14.4G   0.01137  0.008666  0.007566    0.0276        20      1024    0.7404    0.9821    0.9747    0.9151   0.00808   0.01853  0.008122
   415/499     14.4G   0.01147  0.009432  0.004601   0.02551        44      1024    0.7233    0.9821    0.9767    0.9108  0.008091   0.01886   0.00807
   416/499     14.4G   0.01136  0.009071  0.005031   0.02546        38      1024    0.7224    0.9821    0.9662    0.9046  0.008222   0.01888  0.007879
   417/499     14.4G   0.01155  0.009059  0.005322   0.02594        38      1024    0.7326     0.982    0.9662     0.895   0.00807   0.01889  0.007733
   418/499     14.4G   0.01166  0.008257  0.005004   0.02493        33      1024    0.7363    0.9821    0.9767    0.9126  0.007725   0.01856    0.0077
   419/499     14.4G   0.01077   0.00829  0.004549   0.02361        36      1024    0.7373    0.9821    0.9758    0.9119  0.007689   0.01855  0.007588
   420/499     14.4G   0.01168  0.008731  0.006188    0.0266        43      1024     0.747    0.9821    0.9625    0.8986  0.007877   0.01861  0.007742
   421/499     14.4G   0.01079  0.008026  0.004769   0.02358        26      1024    0.7632     0.982    0.9625     0.887   0.00786   0.01866  0.007732
   422/499     14.4G   0.01092  0.008928  0.005008   0.02486        35      1024    0.7554    0.9813    0.9638    0.8901     0.008   0.01872  0.007807
   423/499     14.4G   0.01225  0.008799  0.006562   0.02761        31      1024    0.7338    0.9583    0.9595    0.8878  0.007625   0.01847  0.008081
   424/499     14.4G   0.01242  0.008618  0.009428   0.03046        18      1024    0.7458    0.9583    0.9549    0.8921  0.007832   0.01878  0.008246
   425/499     14.4G   0.01167  0.008875  0.005752    0.0263        28      1024    0.7512    0.9583    0.9594    0.8755  0.007782   0.01899  0.008501
   426/499     14.4G   0.01096   0.00928  0.005963   0.02621        42      1024    0.7765    0.9534     0.956    0.8858   0.00781   0.01873  0.008644
   427/499     14.4G   0.01076  0.008728  0.005645   0.02514        34      1024    0.7829    0.9508     0.956    0.8917  0.007858   0.01864  0.008621
   428/499     14.4G   0.01036  0.008336  0.006066   0.02476        30      1024    0.7753    0.9461    0.9548     0.885  0.007604   0.01859  0.008497
   429/499     14.4G   0.01044  0.008108  0.005183   0.02374        33      1024    0.7694    0.9457    0.9539    0.8889  0.007852   0.01884  0.008363
   430/499     14.4G   0.01082  0.008448  0.004403   0.02367        31      1024    0.7608    0.9454    0.9549    0.8828  0.008155   0.01899  0.008235
   431/499     14.4G   0.01002  0.008758   0.00506   0.02383        21      1024    0.7289    0.9107     0.943    0.8749  0.008418   0.01933  0.008168
   432/499     14.4G   0.01127  0.007613  0.004896   0.02378        23      1024    0.7315    0.9107    0.9407    0.8799  0.007982   0.01893  0.008385
   433/499     14.4G   0.01238  0.007739  0.005424   0.02555        24      1024     0.762    0.9451    0.9526    0.8789    0.0081   0.01899  0.009091
   434/499     14.4G    0.0126  0.009247  0.004945   0.02679        45      1024    0.7582    0.9273     0.942    0.8738  0.008126   0.01919   0.00983
   435/499     14.4G   0.01275  0.009546  0.005208    0.0275        43      1024    0.7583    0.9277    0.9416    0.8742  0.007958   0.01888    0.0106
   436/499     14.4G   0.01205  0.009343  0.005602     0.027        43      1024    0.7527    0.9325    0.9315    0.8665    0.0083   0.01904   0.01115
   437/499     14.4G   0.01256  0.009882  0.004109   0.02655        49      1024    0.7441     0.949    0.9429    0.8687  0.007716   0.01872     0.011
   438/499     14.4G   0.01232  0.009159  0.004578   0.02605        40      1024    0.7298    0.9492    0.9334    0.8593  0.008111    0.0187    0.0115
   439/499     14.4G   0.01133  0.009295   0.00474   0.02536        38      1024     0.725    0.9512    0.9429    0.8659  0.007996   0.01819   0.01178
   440/499     14.4G   0.01077  0.008321  0.004098   0.02319        28      1024    0.7121    0.9405     0.951    0.8752  0.007874   0.01809   0.01159
   441/499     14.4G   0.01085  0.008242  0.005422   0.02452        26      1024    0.7251    0.9613    0.9619    0.8958  0.007655   0.01808   0.01099
   442/499     14.4G   0.01072  0.007693   0.00405   0.02247        26      1024    0.7288    0.9821    0.9608    0.8936  0.007712   0.01786   0.01031
   443/499     14.4G   0.01156  0.008285  0.003846   0.02369        31      1024    0.7343    0.9821    0.9706    0.9105  0.007595   0.01791   0.01056
   444/499     14.4G   0.01274  0.008177   0.00605   0.02697        12      1024    0.7213    0.9639    0.9562    0.8834  0.008014    0.0186   0.01057
   445/499     14.4G   0.01147  0.008664  0.004722   0.02486        31      1024    0.7184    0.9638    0.9562    0.8799  0.008064   0.01885   0.01073
   446/499     14.4G   0.01084   0.00888  0.004316   0.02404        39      1024    0.7202    0.9638    0.9562     0.883  0.008267   0.01884   0.01095
   447/499     14.4G   0.01125   0.00882   0.00541   0.02548        39      1024    0.7314    0.9729    0.9602    0.8847  0.008141   0.01891   0.01147
   448/499     14.4G   0.01004  0.008075  0.004202   0.02231        30      1024     0.729    0.9821    0.9685     0.899  0.007781   0.01851   0.01204
   449/499     14.4G   0.01069  0.008858  0.005249    0.0248        52      1024    0.7228    0.9821    0.9684     0.896  0.007581   0.01824   0.01254
   450/499     14.4G   0.01042  0.007887  0.004822   0.02313        30      1024    0.7257    0.9821    0.9648    0.8929  0.007788    0.0185   0.01279
   451/499     14.4G     0.011  0.008148  0.005476   0.02462        25      1024    0.7283    0.9821    0.9541    0.8867  0.007949   0.01849   0.01279
   452/499     14.4G   0.01038  0.008708  0.005301   0.02439        27      1024    0.7251    0.9821    0.9539    0.8831  0.008336   0.01879   0.01345
   453/499     14.4G   0.01092  0.008152  0.004912   0.02399        33      1024    0.7194    0.9683    0.9528    0.8866  0.008112   0.01869     0.014
   454/499     14.4G   0.01109  0.008915  0.005493    0.0255        45      1024    0.7225    0.9583    0.9511    0.8899  0.007556   0.01852    0.0128
   455/499     14.4G   0.01155  0.009394  0.004317   0.02526        33      1024    0.7318    0.9583    0.9508     0.894  0.007618   0.01843   0.01098
   456/499     14.4G   0.01094  0.008888  0.005324   0.02515        30      1024    0.7279    0.9674    0.9497    0.8676   0.00769    0.0185  0.009497
   457/499     14.4G   0.01025  0.008128  0.005505   0.02388        32      1024    0.7355    0.9705    0.9541    0.8876  0.007492   0.01858  0.008683
   458/499     14.4G  0.009847  0.008735  0.004633   0.02321        29      1024    0.7399    0.9583    0.9562     0.887    0.0076   0.01891  0.008293
   459/499     14.4G   0.01038  0.007986  0.004851   0.02322        19      1024    0.7334    0.9583    0.9562    0.8951  0.007816   0.01931  0.008033
   460/499     14.4G   0.01066   0.00756  0.003668   0.02189        29      1024    0.7302    0.9583    0.9563    0.8985  0.007624   0.01951  0.007953
   461/499     14.4G   0.01035  0.008719  0.004069   0.02314        39      1024    0.7278    0.9583    0.9488    0.8889  0.007516   0.01944  0.007742
   462/499     14.4G  0.009873  0.007763  0.005869   0.02351        34      1024     0.724    0.9583    0.9491    0.8832  0.007694   0.01939  0.007491
   463/499     14.4G   0.01015   0.00843   0.00489   0.02347        32      1024    0.7202    0.9583    0.9492    0.8857  0.007506    0.0194  0.007313
   464/499     14.4G   0.01079  0.008571  0.004835   0.02419        32      1024    0.7213    0.9583    0.9512    0.8852  0.007472   0.01928  0.007205
   465/499     14.4G   0.01073  0.008532  0.004136    0.0234        35      1024    0.7223    0.9583     0.953    0.8915  0.007593   0.01918  0.007127
   466/499     14.4G   0.00946  0.007652  0.004339   0.02145        32      1024    0.7231    0.9583    0.9531    0.8927   0.00717   0.01896  0.007105
   467/499     14.4G  0.009926  0.007944  0.005292   0.02316        27      1024    0.7245    0.9583    0.9531    0.8887  0.007378   0.01901  0.007101
   468/499     14.4G   0.01048  0.008412  0.005114   0.02401        39      1024    0.7221    0.9583    0.9532    0.8911  0.007557   0.01934  0.007207
   469/499     14.4G   0.01007  0.007968  0.005288   0.02332        30      1024    0.7228    0.9583    0.9534    0.8881   0.00784   0.01952  0.007393
   470/499     14.4G  0.009836  0.008342  0.005791   0.02397        29      1024    0.7231    0.9693    0.9534    0.8928  0.007547   0.01956   0.00774
   471/499     14.4G  0.009405  0.007875  0.005822    0.0231        31      1024    0.7402    0.9821    0.9534     0.888  0.007533   0.01966  0.008092
   472/499     14.4G  0.009032  0.007929  0.003748   0.02071        30      1024    0.7416    0.9821    0.9534    0.8953  0.007345    0.0197  0.008352
   473/499     14.4G  0.009154  0.007293  0.005091   0.02154        22      1024    0.7462    0.9821    0.9568    0.8969  0.007395    0.0198  0.008573
   474/499     14.4G   0.01023  0.007407  0.005245   0.02288        24      1024    0.7553    0.9821    0.9672    0.8943  0.007666   0.02017   0.00886
   475/499     14.4G   0.01026  0.008773   0.00555   0.02459        31      1024    0.7617    0.9821     0.967     0.896  0.007615   0.02043   0.00889
   476/499     14.4G  0.009428  0.007784  0.004558   0.02177        27      1024    0.7632    0.9821    0.9678    0.9002    0.0075   0.02038  0.008894
   477/499     14.4G  0.009316   0.00883  0.005088   0.02323        32      1024    0.7601    0.9821     0.967    0.9033  0.007233   0.01983  0.008997
   478/499     14.4G  0.009727  0.008329  0.004966   0.02302        32      1024    0.7552    0.9821     0.967    0.9004  0.007775   0.02017  0.008859
   479/499     14.4G   0.01031  0.008613  0.004648   0.02357        40      1024    0.7499    0.9821    0.9672    0.8939  0.007621   0.01985  0.008616
   480/499     14.4G   0.01023  0.008725  0.005338   0.02429        28      1024     0.748    0.9821    0.9672    0.8987  0.007495   0.01973  0.008559
   481/499     14.4G   0.01071  0.009334  0.004328   0.02438        47      1024    0.7473    0.9821     0.966    0.8985  0.007456   0.01947  0.008672
   482/499     14.4G    0.0119  0.009351  0.004434   0.02568        37      1024    0.7421    0.9821    0.9704    0.8979  0.007699   0.01979  0.008858
   483/499     14.4G   0.01105   0.00822  0.004898   0.02417        35      1024    0.7359    0.9821    0.9705    0.8877  0.007931   0.02022    0.0092
   484/499     14.4G   0.01129  0.008951  0.005015   0.02526        45      1024     0.728    0.9821    0.9696    0.9039  0.007488   0.01969  0.009313
   485/499     14.4G   0.01071  0.008519  0.004645   0.02387        46      1024    0.7258    0.9821    0.9697    0.9032  0.007324   0.01957  0.009195
   486/499     14.4G   0.01035  0.008507  0.005262   0.02412        27      1024    0.7289    0.9821    0.9768    0.9143  0.007308   0.01959  0.009095
   487/499     14.4G  0.009959  0.007505  0.004719   0.02218        29      1024    0.7385    0.9821    0.9787    0.9067  0.007471    0.0196  0.008912
   488/499     14.4G   0.01019  0.008463  0.004485   0.02314        39      1024    0.7284    0.9821    0.9786    0.9109  0.007573   0.01938   0.00893
   489/499     14.4G  0.009813  0.008934  0.003745   0.02249        32      1024    0.7362    0.9821    0.9768    0.9076  0.007638   0.01902  0.008893
   490/499     14.4G   0.01092  0.007662  0.004446   0.02303        19      1024     0.748    0.9821    0.9771    0.9092  0.007723   0.01886  0.008968
   491/499     14.4G   0.01068   0.00926  0.004439   0.02438        47      1024    0.7507    0.9821    0.9759    0.9011   0.00758   0.01909  0.009209
   492/499     14.4G   0.01082  0.008985  0.004519   0.02433        29      1024    0.7523    0.9821    0.9751     0.899  0.008005   0.01911   0.00932
   493/499     14.4G   0.01036  0.008314     0.005   0.02367        33      1024    0.7514     0.982    0.9752    0.8967   0.00786   0.01896  0.009359
   494/499     14.4G  0.009852  0.007883  0.004265     0.022        30      1024     0.754    0.9792    0.9737    0.9014   0.00759   0.01892  0.009468
   495/499     14.4G  0.009253  0.007816   0.00363    0.0207        34      1024     0.759    0.9763    0.9737    0.9063  0.007309   0.01872  0.009599
   496/499     14.4G   0.01044  0.008465  0.003954   0.02286        17      1024    0.7708     0.974    0.9737    0.9065  0.007532   0.01874   0.00962
   497/499     14.4G   0.01213  0.008863  0.004528   0.02552        40      1024    0.7675    0.9741    0.9737    0.9103  0.007506   0.01865  0.009484
   498/499     14.4G   0.01233  0.008809  0.004914   0.02606        27      1024    0.7718    0.9764    0.9737    0.9152  0.007414   0.01846  0.009303
   499/499     14.4G   0.01094  0.008398  0.005164    0.0245        23      1024    0.7696    0.9813    0.9762    0.9116  0.007317   0.01872  0.009074
