      0/49     12.1G  0.008125  0.007281  0.005264   0.02067        37      1024     0.768    0.9814    0.9762    0.9154  0.007182   0.01871  0.009005
      1/49     14.4G  0.007546  0.007521  0.004269   0.01934        37      1024     0.763    0.9816    0.9762    0.9108  0.006983   0.01861  0.008988
      2/49     14.4G  0.007366  0.006674   0.00473   0.01877        33      1024     0.763    0.9815    0.9762    0.9172   0.00672   0.01852  0.008977
      3/49     14.4G  0.006716  0.006735  0.004818   0.01827        31      1024    0.7624    0.9814    0.9762    0.9143  0.006965   0.01869   0.00889
      4/49     14.4G  0.006973  0.007106  0.003885   0.01796        24      1024    0.7616    0.9818    0.9763    0.9134  0.006871   0.01869  0.008922
      5/49     14.4G  0.007066  0.007125  0.004869   0.01906        32      1024     0.762    0.9818    0.9763    0.9117  0.006755   0.01867  0.008968
      6/49     14.4G  0.006903  0.007085  0.004445   0.01843        35      1024    0.7605    0.9819    0.9762    0.9145  0.006553   0.01861  0.008987
      7/49     14.4G  0.006722  0.006695  0.005525   0.01894        19      1024    0.7595    0.9819    0.9762    0.9077  0.006689   0.01881  0.009004
      8/49     14.4G   0.00718  0.007277  0.004046    0.0185        35      1024    0.7538    0.9821    0.9762    0.9101  0.006969   0.01917  0.009045
      9/49     14.4G  0.006836  0.006283  0.005015   0.01813        33      1024    0.7565    0.9821    0.9763    0.9137  0.006563   0.01878  0.008972
     10/49     14.4G  0.006893  0.006876  0.004265   0.01803        19      1024    0.7517    0.9821    0.9763    0.9142  0.006796   0.01892  0.008842
     11/49     14.4G  0.006853  0.007324  0.004522    0.0187        38      1024    0.7516    0.9821    0.9762    0.9101  0.006614   0.01912   0.00881
     12/49     14.4G  0.006911  0.007092  0.004404   0.01841        46      1024    0.7555    0.9821    0.9762    0.9181  0.006844   0.01946  0.008859
     13/49     14.4G  0.006843  0.006867  0.004232   0.01794        25      1024    0.7585    0.9821    0.9762    0.9172  0.006684    0.0193   0.00877
     14/49     14.4G  0.007863  0.007386  0.006515   0.02176        33      1024    0.7489    0.9821    0.9763    0.9172  0.006804   0.01946  0.008714
     15/49     14.4G   0.00659  0.006386  0.004086   0.01706        17      1024     0.752    0.9821    0.9762    0.9065  0.006971   0.01955  0.008686
     16/49     14.4G  0.007194  0.007376  0.006204   0.02077        36      1024    0.7458    0.9821    0.9762    0.9146  0.006841   0.01948  0.008406
     17/49     14.4G  0.006905  0.007076  0.004189   0.01817        32      1024    0.7464    0.9821    0.9762    0.9115  0.006789   0.01937  0.008199
     18/49     14.4G  0.006801  0.006726  0.004521   0.01805        36      1024    0.7558    0.9821    0.9784    0.9145  0.006737   0.01946  0.008058
     19/49     14.4G  0.006546  0.006991  0.003439   0.01698        36      1024    0.7597    0.9821    0.9784    0.9175  0.006733   0.01945  0.008181
     20/49     14.4G  0.006887  0.007181  0.004704   0.01877        36      1024     0.758    0.9821    0.9782    0.9175  0.006965   0.01955  0.008136
     21/49     14.4G   0.00859  0.007525   0.00401   0.02013        37      1024    0.7592    0.9821    0.9782    0.9105  0.008732   0.02108  0.008013
     22/49     14.4G  0.009041  0.007521  0.004429   0.02099        27      1024    0.7614    0.9821    0.9784    0.9027  0.008227   0.02095  0.007907
     23/49     14.4G  0.008612  0.007635  0.004868   0.02112        29      1024    0.7613    0.9821    0.9784    0.9016  0.009448   0.02196  0.007816
     24/49     14.4G  0.009415  0.007643   0.00486   0.02192        29      1024    0.7595    0.9821    0.9782    0.9073  0.008996   0.02181  0.007777
     25/49     14.4G  0.009378  0.007421  0.005514   0.02231        24      1024    0.7597    0.9821    0.9784    0.9052  0.009281     0.022  0.007752
     26/49     14.4G  0.008953  0.007445  0.003836   0.02023        35      1024    0.7598    0.9821    0.9784    0.9136   0.00919   0.02215  0.007763
     27/49     14.4G  0.009144  0.008454  0.003698    0.0213        55      1024    0.7601    0.9821    0.9784    0.9128  0.008493   0.02134  0.007835
     28/49     14.4G   0.00851  0.006846  0.003948    0.0193        30      1024    0.7607    0.9821    0.9784    0.9092  0.008224   0.02127  0.007728
     29/49     14.4G  0.008466  0.006971  0.003714   0.01915        36      1024    0.7644    0.9821    0.9785    0.9123  0.008608   0.02161   0.00773
     30/49     14.4G  0.008886  0.007409  0.004469   0.02076        29      1024    0.7691    0.9821    0.9785    0.9073  0.008684   0.02138  0.007786
     31/49     14.4G  0.008916  0.007566  0.004606   0.02109        40      1024     0.775    0.9821    0.9785    0.9067  0.008802   0.02165  0.007803
     32/49     14.4G  0.008583   0.00718  0.004593   0.02036        35      1024    0.7756    0.9821    0.9784    0.9091  0.007965   0.02098  0.007759
     33/49     14.4G  0.008082  0.006788  0.004869   0.01974        31      1024    0.7688    0.9821    0.9785    0.9136  0.008665   0.02161  0.007596
     34/49     14.4G  0.009115  0.008036  0.003496   0.02065        34      1024    0.7698    0.9821    0.9785    0.9104  0.008162    0.0211  0.007502
     35/49     14.4G  0.009122  0.007712  0.004581   0.02141        39      1024    0.7731    0.9821    0.9784    0.9188  0.008864   0.02143  0.007522
     36/49     14.4G  0.009244  0.007654  0.004246   0.02115        38      1024    0.7693    0.9821    0.9784    0.9183  0.007584    0.0206  0.007387
     37/49     14.4G   0.00852  0.007653  0.003639   0.01981        45      1024    0.7625    0.9821    0.9784     0.921  0.008026   0.02107   0.00713
     38/49     14.4G  0.007859  0.007094  0.004729   0.01968        27      1024    0.7638    0.9821    0.9784    0.9131  0.008265   0.02105  0.006952
     39/49     14.4G  0.008756  0.007943  0.003779   0.02048        31      1024    0.7677    0.9821    0.9784    0.9132  0.008116   0.02077  0.006948
     40/49     14.4G  0.008073  0.007621  0.003677   0.01937        39      1024    0.7669    0.9821    0.9784    0.9162  0.007665   0.02036  0.007025
     41/49     14.4G  0.007732  0.006632   0.00425   0.01861        25      1024    0.7689    0.9821    0.9784    0.9155  0.007633   0.02063   0.00728
     42/49     14.4G  0.008005  0.006451  0.004399   0.01885        33      1024    0.7682    0.9821    0.9784    0.9122  0.007413   0.02044  0.007543
     43/49     14.4G  0.007634   0.00667  0.004292    0.0186        28      1024    0.7694    0.9821    0.9784    0.9201  0.007693   0.02072    0.0078
     44/49     14.4G  0.007832   0.00666  0.003624   0.01812        29      1024    0.7692    0.9821    0.9784    0.9171  0.008034    0.0209  0.007997
     45/49     14.4G  0.008333  0.008305  0.004113   0.02075        41      1024    0.7674    0.9821    0.9784    0.9112  0.007908   0.02086  0.008008
     46/49     14.4G  0.008333  0.007277  0.004901   0.02051        33      1024    0.7665    0.9821    0.9784    0.9156  0.007377   0.02039  0.007799
     47/49     14.4G  0.007509  0.007333  0.004485   0.01933        34      1024    0.7664    0.9821    0.9748    0.9102  0.007763   0.02044  0.007825
     48/49     14.4G  0.007885  0.006317  0.004139   0.01834        32      1024    0.7661    0.9821    0.9748    0.9129  0.007574   0.02047   0.00781
     49/49     14.4G  0.007724  0.006776  0.003821   0.01832        27      1024    0.7668    0.9821    0.9748    0.9098  0.007897   0.02088  0.007857
